1370 : car : [(774, 403), (727, 385), (684, 374), (622, 349), (578, 337), (537, 324), (488, 306), (455, 294), (422, 283), (386, 271), (357, 264), (332, 256), (305, 246), (282, 242), (263, 235), (239, 229), (224, 225), (210, 220), (192, 214), (179, 210), (168, 208), (155, 203), (146, 200), (137, 199)]
1371 : tw : [(657, 452), (602, 433), (547, 416), (480, 389), (437, 377), (398, 360), (350, 342), (318, 329), (293, 319), (258, 302), (237, 294), (216, 286), (192, 273), (178, 268), (163, 261), (146, 253), (135, 248), (124, 241), (112, 238), (103, 233), (95, 227), (85, 224), (78, 220)]
1372 : tw : [(704, 433), (619, 404), (559, 385), (505, 365), (445, 345), (403, 329), (365, 316), (321, 300), (293, 289), (266, 279), (237, 268), (216, 261), (199, 251), (177, 243), (162, 239), (150, 232), (134, 227), (123, 221), (114, 218), (102, 212)]
1373 : tw : [(647, 486), (593, 465), (543, 439), (480, 419), (440, 401), (401, 383), (354, 364), (326, 354), (300, 342), (269, 327), (249, 317), (230, 308), (208, 295), (192, 284), (178, 280), (162, 269), (151, 263), (141, 257), (128, 250), (121, 246), (112, 242), (102, 236), (96, 232), (88, 227), (80, 224)]
1374 : tw : [(738, 433), (669, 412), (578, 382), (518, 363), (465, 345), (401, 323), (359, 309), (323, 297), (281, 282), (253, 271), (228, 261), (201, 251), (182, 244), (166, 238), (146, 231), (132, 225), (122, 222), (107, 215), (97, 211)]
1375 : car : [(787, 420), (724, 393), (645, 365), (587, 344), (533, 325), (471, 304), (431, 292), (391, 281), (347, 266), (319, 254), (292, 247), (260, 237), (237, 230), (216, 225), (195, 218), (180, 214), (165, 209), (149, 205), (136, 200), (125, 198)]
1376 : tw : [(664, 427), (589, 399), (517, 375), (438, 347), (388, 328), (340, 312), (291, 294), (262, 280), (230, 268), (199, 256), (178, 248), (159, 240), (138, 231), (124, 224), (111, 219), (98, 215)]
1377 : tw : [(704, 473), (621, 444), (545, 415), (452, 381), (394, 358), (345, 338), (289, 316), (254, 301), (225, 286), (190, 272), (169, 262), (151, 254), (129, 243), (114, 236), (103, 228), (87, 223)]
1378 : car : [(767, 412), (650, 373), (576, 349), (510, 325), (440, 298), (389, 283), (347, 269), (300, 254), (266, 243), (240, 236), (207, 226), (191, 218), (173, 213), (151, 206), (136, 201)]
1379 : 4t : [(693, 303), (636, 289), (593, 278), (553, 270), (503, 256), (470, 249), (438, 241), (398, 231), (373, 225), (347, 219), (318, 212), (298, 207), (280, 203), (256, 197), (240, 194), (226, 191), (208, 187), (196, 185), (185, 183), (153, 176), (161, 177)]
1380 : tw : [(625, 458), (562, 434), (501, 415), (432, 386), (387, 370), (346, 354), (300, 334), (270, 322), (242, 311), (212, 297), (190, 286), (172, 277), (151, 265), (136, 258), (124, 253), (109, 245), (99, 239), (90, 235), (78, 230), (72, 226)]
1381 : car : [(740, 370), (677, 355), (591, 326), (535, 310), (483, 291), (422, 273), (382, 263), (348, 251), (307, 239), (277, 233), (254, 225), (225, 216), (206, 212), (190, 207), (171, 201), (156, 199), (142, 195)]
1382 : car : [(754, 403), (701, 387), (641, 364), (571, 341), (521, 325), (477, 310), (422, 293), (386, 281), (355, 270), (315, 258), (288, 252), (264, 243), (238, 234), (218, 229), (202, 223), (182, 216), (166, 214), (153, 209), (137, 204), (128, 201)]
1383 : tw : [(648, 495), (582, 470), (502, 440), (446, 418), (307, 357), (275, 340), (241, 322), (216, 311), (195, 300), (172, 285), (157, 279), (142, 270), (127, 261), (116, 256), (105, 248), (93, 242), (85, 237), (76, 233), (68, 226)]
1384 : lgv : [(535, 261), (476, 248), (438, 238), (402, 229), (361, 220), (333, 213), (308, 208), (276, 200), (256, 196), (239, 191), (215, 187), (200, 183), (187, 181), (169, 178), (158, 175), (148, 172), (133, 170)]
1385 : tw : [(686, 473), (607, 444), (552, 426), (500, 407), (442, 384), (401, 367), (364, 352), (321, 335), (294, 325), (270, 313), (237, 301), (217, 290), (201, 282), (179, 271), (164, 266), (152, 258), (134, 251), (125, 246), (114, 240), (103, 235), (96, 232), (87, 227), (78, 222)]
1386 : tw : [(726, 475), (651, 447), (600, 430), (551, 412), (491, 392), (452, 375), (418, 362), (373, 344), (342, 335), (314, 323), (284, 309), (261, 301), (243, 291), (217, 283), (204, 275), (188, 269), (171, 258), (157, 255), (148, 249), (134, 243), (124, 239), (116, 235), (105, 229), (98, 225), (90, 223), (82, 218)]
1387 : tw : [(736, 460), (682, 444), (606, 418), (553, 402), (505, 385), (448, 360), (407, 350), (372, 335), (330, 320), (301, 310), (278, 300), (248, 288), (228, 280), (210, 273), (187, 263), (173, 256), (161, 251), (144, 245), (134, 240), (124, 235), (112, 231), (103, 225), (96, 221), (87, 218)]
1388 : car : [(845, 325), (778, 306), (692, 281), (629, 266), (574, 252), (499, 234), (453, 225), (411, 215), (363, 205), (326, 200), (300, 194), (261, 187), (239, 183), (217, 181), (193, 177), (178, 173)]
1389 : tw : [(716, 407), (641, 387), (569, 364), (483, 336), (429, 323), (380, 306), (325, 288), (291, 276), (261, 265), (225, 252), (202, 244), (182, 237), (159, 229), (142, 223), (129, 218), (114, 212)]
1390 : car : [(862, 336), (796, 316), (716, 291), (657, 275), (599, 261), (525, 245), (483, 234), (442, 225), (390, 214), (357, 209), (327, 202), (293, 195), (267, 190), (247, 188), (219, 182), (203, 179), (188, 175), (171, 172)]
1391 : tw : [(793, 410), (692, 384), (621, 359), (551, 338), (471, 317), (415, 302), (370, 287), (317, 271), (284, 259), (254, 250), (220, 240), (199, 232), (177, 227), (153, 218), (139, 213), (126, 210)]
1392 : tw : [(801, 360), (741, 345), (678, 331), (599, 309), (546, 295), (436, 270), (393, 260), (357, 251), (313, 241), (286, 234), (260, 227), (229, 219), (209, 215), (191, 210), (168, 204), (154, 201), (141, 198)]
1393 : ml : [(739, 422), (686, 407), (617, 380), (568, 364), (525, 347), (472, 330), (439, 321), (408, 307), (364, 290), (337, 282), (316, 275), (285, 262), (266, 258), (247, 253), (228, 243), (211, 239), (197, 236), (183, 231), (170, 226), (159, 221), (148, 217), (138, 214), (132, 211), (122, 206), (117, 204)]
1394 : tw : [(810, 371), (743, 349), (677, 332), (539, 297), (489, 284), (429, 268), (387, 258), (353, 246), (309, 237), (281, 227), (257, 221), (229, 214), (209, 210), (192, 204), (171, 198), (158, 196), (146, 191)]
1395 : tw : [(689, 447), (613, 420), (560, 402), (508, 386), (449, 363), (412, 351), (374, 336), (332, 320), (302, 312), (279, 300), (248, 287), (227, 280), (210, 272), (188, 262), (173, 254), (160, 249), (144, 245), (132, 239), (123, 234), (111, 230), (102, 226), (95, 221), (85, 217)]
1396 : tw : [(780, 407), (724, 392), (650, 369), (597, 354), (550, 338), (490, 320), (451, 309), (412, 299), (368, 283), (337, 275), (312, 267), (279, 256), (258, 250), (238, 243), (217, 235), (200, 230), (185, 225), (168, 219), (157, 215), (146, 210), (133, 206), (124, 202)]
1397 : tw : [(750, 454), (688, 435), (607, 407), (553, 387), (503, 369), (442, 351), (405, 335), (364, 323), (322, 306), (295, 296), (271, 287), (240, 276), (220, 267), (203, 260), (183, 250), (169, 245), (154, 239), (140, 234), (129, 228), (120, 223), (107, 218), (100, 215)]
1398 : auto : [(712, 452), (640, 427), (591, 417), (546, 399), (489, 376), (452, 354), (415, 341), (377, 322), (347, 313), (321, 302), (291, 291), (270, 282), (250, 275), (228, 270), (211, 260), (198, 254), (180, 249), (167, 241), (157, 239), (146, 229), (135, 227), (126, 225), (114, 218), (108, 217), (101, 213)]
1399 : car : [(869, 340), (782, 315), (723, 296), (667, 281), (599, 263), (547, 252), (499, 240), (448, 228), (414, 220), (377, 212), (338, 204), (309, 199), (288, 195), (258, 189), (238, 187), (220, 183), (198, 179), (184, 175), (172, 172)]
1402 : car : [(836, 306), (771, 287), (716, 271), (627, 251), (573, 240), (529, 227), (466, 210), (425, 199), (387, 197), (340, 186), (314, 180), (285, 177), (256, 171), (236, 169), (215, 166), (193, 164), (180, 160)]
1400 : tw : [(707, 469), (623, 440), (568, 420), (450, 376), (411, 357), (370, 344), (325, 328), (297, 314), (268, 302), (238, 291), (219, 281), (203, 273), (180, 263), (165, 258), (152, 251), (134, 244), (124, 239), (112, 235), (100, 228), (91, 222), (83, 220)]
1401 : car : [(720, 375), (665, 357), (608, 339), (547, 318), (502, 303), (457, 293), (409, 276), (374, 266), (342, 258), (305, 248), (280, 242), (258, 235), (230, 233), (210, 224), (195, 222), (175, 212), (163, 210), (152, 206), (137, 202), (126, 203)]
1403 : car : [(468, 227), (412, 215), (374, 206), (345, 202), (306, 195), (280, 191), (256, 185), (229, 181), (211, 177), (195, 175), (176, 171)]
1404 : car : [(811, 326), (752, 307), (689, 291), (613, 271), (559, 258), (510, 247), (450, 233), (414, 223), (375, 216), (335, 208), (306, 202), (282, 197), (252, 192), (231, 187), (214, 184), (193, 179), (179, 176), (166, 173)]
1405 : auto : [(635, 488), (550, 453), (495, 431), (447, 411), (394, 382), (353, 363), (322, 348), (282, 330), (256, 317), (232, 307), (209, 294), (189, 285), (174, 276), (153, 268), (141, 261), (129, 255), (116, 248), (106, 242), (98, 238), (89, 234), (79, 227), (71, 224)]
1406 : tw : [(791, 402), (720, 383), (657, 364), (578, 338), (522, 323), (470, 308), (411, 291), (372, 277), (338, 269), (297, 253), (272, 245), (249, 239), (222, 230), (205, 224), (187, 218), (168, 212), (155, 209), (143, 204), (129, 199)]
1407 : tw : [(757, 418), (692, 398), (630, 377), (552, 354), (498, 338), (451, 324), (396, 305), (360, 292), (328, 283), (289, 270), (263, 260), (241, 253), (215, 243), (196, 238), (180, 232), (160, 226), (148, 221), (134, 217), (121, 211), (111, 209)]
1408 : tw : [(710, 466), (638, 442), (582, 424), (534, 408), (475, 387), (435, 373), (398, 359), (353, 341), (324, 331), (298, 321), (266, 305), (246, 296), (228, 288), (203, 280), (187, 273), (174, 266), (157, 258), (144, 254), (134, 248), (120, 243), (111, 240), (103, 234), (93, 229), (87, 228), (79, 224)]
1409 : tw : [(778, 417), (722, 401), (667, 384), (600, 360), (550, 345), (507, 332), (452, 315), (414, 304), (382, 293), (343, 278), (315, 270), (291, 261), (264, 252), (244, 243), (228, 239), (208, 232), (193, 227), (180, 222), (164, 217), (153, 213), (143, 208), (131, 205), (124, 201)]
1410 : lgv : [(667, 293), (623, 282), (568, 268), (531, 260), (495, 251), (450, 241), (420, 233), (392, 226), (358, 218), (336, 213), (314, 208), (288, 203), (271, 199), (254, 195), (234, 192), (219, 188), (207, 186), (191, 182), (180, 180), (169, 178), (156, 174), (147, 173), (139, 171), (129, 169)]
1411 : tw : [(662, 490), (605, 475), (554, 453), (492, 434), (450, 418), (410, 400), (364, 385), (334, 372), (307, 358), (269, 344), (247, 335), (225, 326), (200, 313), (186, 305), (168, 297), (150, 286), (138, 280), (127, 275), (114, 266), (104, 262), (97, 257), (85, 251), (79, 248), (72, 243), (64, 239), (59, 234), (54, 232)]
1412 : car : [(814, 350), (747, 326), (659, 301), (596, 285), (540, 270), (473, 254), (431, 242), (388, 231), (344, 221), (314, 213), (284, 208), (251, 202), (229, 197), (208, 193), (185, 188), (172, 184), (155, 181)]
1413 : tw : [(565, 492), (495, 461), (447, 442), (406, 421), (355, 398), (323, 384), (294, 369), (259, 351), (236, 339), (215, 329), (191, 314), (175, 303), (160, 296), (142, 284), (129, 279), (119, 270), (104, 263), (95, 258), (86, 252), (77, 247), (71, 243), (63, 239), (55, 234)]
1414 : tw : [(745, 456), (679, 433), (597, 405), (536, 384), (486, 368), (423, 345), (382, 330), (346, 318), (304, 299), (279, 289), (252, 280), (224, 267), (205, 259), (187, 253), (167, 243), (153, 239), (140, 235), (125, 227), (114, 223), (104, 220), (95, 215)]
1415 : 2t : [(663, 292), (614, 280), (552, 266), (510, 255), (472, 246), (423, 234), (391, 227), (363, 220), (328, 212), (303, 208), (281, 202), (254, 197), (238, 193), (221, 190), (200, 186), (187, 182), (173, 180), (160, 176), (150, 174), (140, 171), (128, 169), (119, 168)]
1416 : tw : [(734, 445), (651, 423), (584, 399), (529, 378), (462, 357), (416, 339), (375, 324), (325, 307), (295, 295), (266, 285), (235, 272), (213, 265), (194, 256), (173, 247), (157, 242), (144, 236), (127, 229), (117, 224), (106, 220), (96, 212)]
1417 : 2t : [(650, 291), (610, 280), (556, 267), (520, 258), (487, 251), (444, 240), (416, 233), (388, 227), (356, 220), (333, 213), (313, 209), (287, 204), (271, 200), (254, 197), (234, 192), (220, 189), (208, 187), (192, 183), (181, 180), (170, 179), (159, 174), (150, 173), (141, 171), (124, 167)]
1418 : tw : [(713, 476), (663, 461), (599, 440), (554, 423), (512, 406), (459, 387), (423, 374), (391, 364), (351, 348), (325, 337), (301, 327), (272, 316), (254, 303), (235, 297), (213, 287), (197, 281), (183, 274), (166, 266), (156, 261), (145, 255), (132, 248), (123, 248), (114, 241), (105, 236), (98, 233), (92, 229), (83, 226), (77, 222)]
1419 : 4t : [(528, 391), (481, 372), (439, 358), (388, 338), (352, 326), (322, 314), (285, 298), (262, 289), (240, 280), (213, 270), (196, 263), (179, 254), (160, 247), (148, 241), (137, 235), (124, 230), (113, 226), (105, 224)]
1420 : ml : [(774, 406), (702, 376), (638, 361), (581, 342), (516, 320), (472, 307), (436, 294), (379, 277), (349, 268), (320, 259), (285, 250), (260, 244), (237, 234), (214, 228), (196, 224), (182, 219), (165, 213), (154, 208), (141, 207), (126, 201)]
1421 : 2t : [(621, 278), (571, 266), (505, 251), (464, 241), (426, 232), (380, 221), (349, 215), (321, 209), (288, 200), (266, 196), (246, 193), (222, 187), (205, 184), (191, 181), (171, 176), (159, 174), (149, 172)]
1422 : tw : [(694, 471), (631, 450), (574, 428), (503, 401), (455, 383), (413, 367), (364, 347), (330, 334), (300, 322), (266, 304), (243, 294), (222, 285), (199, 274), (182, 266), (168, 260), (151, 251), (139, 246), (127, 239), (115, 234), (106, 229), (98, 225), (88, 221)]
1423 : car : [(795, 323), (694, 295)]
1424 : car : [(363, 213), (318, 206), (280, 197), (235, 188), (205, 183), (181, 178)]
1425 : car : [(690, 417), (607, 384), (502, 348), (441, 327), (387, 305), (326, 285), (286, 270), (255, 257), (213, 244), (189, 235), (169, 229), (142, 220), (128, 214), (114, 210)]
1426 : 4t : [(731, 319), (682, 305), (620, 290), (577, 279), (536, 269), (486, 257), (449, 247), (418, 239), (380, 230), (354, 224), (330, 218), (299, 212), (280, 207), (260, 201), (238, 197), (222, 194), (208, 191), (191, 187), (178, 183), (167, 181), (154, 179), (128, 172), (136, 174)]
1427 : auto : [(715, 407), (655, 385), (600, 365), (536, 341), (490, 324), (447, 311), (397, 292), (363, 282), (332, 272), (295, 258), (270, 252), (247, 246), (223, 237), (206, 232), (193, 228), (172, 221), (161, 216), (147, 212), (133, 208), (123, 205)]
1428 : tw : [(655, 458), (602, 439), (553, 424), (489, 397), (449, 384), (411, 368), (365, 350), (335, 338), (306, 327), (276, 315), (252, 301), (233, 293), (210, 285), (192, 275), (179, 268), (162, 260), (150, 255), (139, 251), (125, 243), (115, 239), (107, 235), (97, 229), (89, 226), (83, 223)]
1429 : auto : [(753, 455), (693, 439), (618, 410), (563, 388), (514, 367), (455, 345), (417, 329), (379, 317), (340, 304), (312, 292), (287, 285), (258, 271), (238, 265), (219, 255), (200, 248), (185, 241), (172, 236), (156, 230), (142, 227), (133, 223), (123, 216), (115, 213), (105, 209)]
1430 : tw : [(692, 437), (629, 417), (573, 397), (503, 372), (455, 354), (415, 341), (365, 323), (331, 315), (302, 300), (269, 287), (245, 277), (226, 270), (201, 260), (185, 253), (169, 247), (152, 240), (140, 235), (129, 231), (115, 225), (107, 220), (99, 217)]
1431 : tw : [(589, 488), (524, 460), (479, 441), (438, 421), (391, 403), (358, 388), (328, 373), (292, 358), (268, 345), (246, 335), (220, 324), (201, 315), (186, 306), (165, 296), (153, 288), (140, 281), (126, 275), (117, 269), (107, 264), (97, 256), (89, 253), (81, 248), (73, 244), (68, 241), (62, 235), (55, 232)]
1432 : car : [(755, 403), (664, 363), (579, 336), (507, 312), (424, 285), (376, 268), (330, 254), (279, 240), (250, 230), (221, 223), (191, 211), (171, 208), (153, 201), (133, 196)]
1433 : car : [(783, 421), (689, 383), (619, 364), (559, 343), (487, 320), (438, 300), (391, 288), (340, 272), (310, 262), (279, 252), (243, 242), (221, 236), (202, 229), (177, 223), (160, 217), (146, 212), (129, 208), (119, 204)]
1434 : tw : [(660, 466), (575, 436), (515, 417), (467, 397), (404, 371), (367, 358), (329, 341), (288, 323), (262, 313), (238, 302), (210, 287), (189, 279), (174, 270), (154, 262), (142, 255), (130, 249), (114, 242), (105, 237), (97, 233), (87, 228), (78, 224)]
1435 : tw : [(791, 353), (721, 334), (634, 307), (573, 295), (517, 280), (452, 263), (409, 252), (370, 243), (325, 228), (296, 222), (270, 214), (239, 207), (220, 202), (201, 199), (180, 191), (166, 187), (154, 185)]
1436 : tw : [(772, 366), (681, 340), (613, 322), (550, 304), (477, 286), (427, 273), (384, 263), (332, 250), (299, 239), (268, 231), (235, 223), (214, 216), (194, 211), (172, 205), (156, 201), (142, 196)]
1437 : auto : [(564, 398), (512, 377), (475, 358), (414, 343), (380, 326), (350, 312), (317, 293), (284, 287), (277, 275)]
1438 : auto : [(257, 278), (236, 270), (219, 260), (200, 253), (179, 246), (171, 243), (155, 235), (142, 230), (134, 225), (115, 217)]
1439 : auto : [(126, 222), (125, 222), (108, 217), (104, 215), (99, 210)]
1440 : tw : [(726, 466), (634, 434), (571, 411), (510, 390), (442, 365), (394, 350), (354, 333), (307, 317), (279, 306), (252, 291), (219, 278), (200, 269), (180, 261), (160, 252), (146, 246), (132, 241), (117, 233), (107, 229), (97, 224), (86, 219)]
1441 : auto : [(736, 393), (674, 370), (615, 351), (551, 329), (500, 314), (455, 302), (403, 284), (367, 272), (338, 263), (300, 251), (274, 243), (253, 238), (229, 229), (210, 222), (193, 218), (177, 212), (162, 207), (150, 205), (137, 199), (126, 197)]
1442 : tw : [(705, 476), (648, 457), (590, 435), (518, 409), (471, 392), (427, 372), (375, 354), (341, 339), (308, 330), (273, 314), (249, 302), (228, 292), (202, 281), (184, 273), (168, 264), (150, 257), (136, 252), (125, 246), (111, 239), (102, 235), (95, 231), (84, 227), (76, 222)]
1443 : auto : [(715, 446), (644, 417), (594, 397), (546, 380), (488, 354), (450, 343), (417, 328), (370, 312), (347, 302), (317, 292), (288, 280), (268, 273), (248, 266), (229, 258), (213, 251), (198, 245), (180, 239), (169, 234), (157, 228), (143, 223), (134, 220), (126, 217), (116, 212), (108, 210)]
1444 : tw : [(689, 416), (617, 393), (566, 375), (518, 359), (461, 343), (421, 329), (386, 320), (347, 301), (317, 292), (293, 284), (264, 271), (243, 264), (226, 257), (203, 248), (188, 244), (174, 237), (159, 232), (148, 228), (136, 223), (124, 218), (115, 216), (107, 212)]
1445 : car : [(857, 338), (799, 321), (734, 300), (658, 283), (602, 268), (554, 256), (492, 241), (451, 232), (414, 223), (368, 212), (337, 207), (311, 201), (277, 196), (255, 191), (235, 186), (209, 182), (195, 177), (180, 175), (164, 171)]
1446 : car : [(749, 458), (687, 434), (612, 402), (558, 383), (503, 363), (445, 343), (407, 324), (370, 310), (330, 294), (301, 282), (277, 273), (249, 261), (230, 254), (209, 248), (186, 239), (173, 236), (159, 230), (144, 223), (133, 220), (124, 214), (109, 210)]
1447 : auto : [(775, 388), (717, 371), (662, 357), (594, 332), (542, 316), (501, 307), (451, 292), (412, 278), (378, 271), (337, 257), (309, 252), (285, 244), (256, 236), (239, 231), (218, 225), (198, 220), (183, 216), (168, 210), (154, 207), (143, 203), (132, 200)]
1448 : tw : [(713, 443), (644, 422), (594, 406), (547, 390), (490, 372), (451, 357), (414, 344), (369, 330), (340, 319), (314, 307), (283, 297), (262, 287), (242, 279), (220, 270), (205, 264), (189, 257), (172, 250), (160, 245), (149, 240), (134, 235), (126, 230), (117, 229), (106, 223), (99, 220), (93, 217)]
1449 : tw : [(749, 448), (696, 432), (630, 408), (580, 397), (538, 383), (482, 365), (447, 353), (409, 342), (367, 328), (340, 319), (314, 309), (285, 297), (264, 289), (242, 283), (220, 272), (204, 267), (189, 262), (173, 253), (160, 249), (149, 246), (135, 240), (125, 235), (118, 232), (107, 227), (99, 224), (92, 221)]
1450 : tw : [(782, 389), (705, 367), (632, 343), (543, 319), (482, 301), (430, 285), (368, 267), (331, 257), (295, 244), (257, 234), (232, 226), (210, 220), (184, 212), (167, 206), (152, 203), (134, 196)]
1451 : tw : [(725, 437), (659, 418), (599, 400), (525, 374), (475, 357), (430, 343), (377, 322), (341, 311), (310, 297), (274, 285), (251, 275), (229, 267), (205, 255), (187, 249), (172, 245), (153, 237), (141, 231), (129, 227), (115, 221), (105, 218), (97, 215)]
1452 : tw : [(737, 443), (671, 421), (594, 396), (536, 380), (486, 361), (426, 345), (387, 328), (350, 317), (307, 301), (281, 291), (255, 282), (227, 271), (209, 264), (191, 254), (171, 248), (156, 242), (144, 235), (129, 229), (120, 225), (112, 222), (100, 217), (94, 214)]
1453 : lgv : [(566, 380), (519, 366), (465, 346), (426, 335), (392, 322), (352, 307), (325, 296), (300, 288), (271, 277), (251, 270), (232, 262), (210, 253), (195, 247), (181, 242), (165, 235), (153, 230), (142, 226), (131, 222), (121, 218), (113, 215), (104, 210), (81, 202)]
1454 : car : [(840, 307), (777, 291), (701, 275), (648, 261), (597, 247), (532, 235), (493, 226), (454, 218), (402, 208), (369, 202), (339, 196), (307, 189), (282, 186), (262, 182), (237, 178), (218, 178), (204, 173), (183, 171), (171, 168)]
1455 : car : [(832, 315), (777, 299), (724, 286), (660, 269), (606, 256), (561, 244), (502, 232), (465, 224), (429, 218), (385, 208), (357, 203), (329, 197), (296, 192), (275, 189), (254, 185), (229, 181), (212, 178), (198, 175), (179, 172), (167, 170)]
1456 : 3t : [(561, 404), (529, 393), (507, 385), (486, 377), (460, 368), (441, 362), (425, 355), (400, 345), (385, 340), (369, 335), (349, 326), (335, 321), (322, 314), (304, 309), (292, 304), (281, 300), (266, 295), (256, 290), (247, 286), (233, 281), (226, 278), (216, 274), (207, 269), (198, 268), (158, 252), (180, 259), (174, 257), (167, 254), (159, 251), (153, 248), (146, 245), (140, 242), (134, 239), (130, 237), (124, 235), (119, 234), (108, 229), (104, 228)]
1457 : tw : [(706, 442), (657, 425), (611, 409), (553, 389), (511, 375), (475, 362), (430, 345), (399, 334), (372, 323), (341, 309), (317, 302), (297, 293), (272, 282), (257, 273), (241, 268), (223, 258), (212, 254), (200, 248), (185, 241), (176, 237), (168, 233), (158, 227), (149, 223), (144, 219), (135, 214), (129, 212), (125, 207), (120, 205)]
1458 : tw : [(607, 488), (570, 474), (540, 459), (493, 441), (465, 429), (436, 418), (400, 401), (377, 392), (354, 383), (326, 371), (309, 362), (291, 354), (267, 342), (251, 336), (238, 330), (218, 321), (205, 315), (193, 309), (179, 302), (169, 296), (159, 291), (148, 284), (140, 280), (133, 278), (125, 272), (117, 269), (110, 264), (102, 262), (97, 257), (90, 255), (84, 252), (80, 250), (75, 247), (69, 244), (65, 242), (62, 239), (57, 235), (54, 234)]
1459 : ml : [(850, 319), (784, 299), (732, 282), (677, 268), (607, 254), (565, 245), (516, 234), (473, 223), (435, 217), (398, 211), (361, 203), (333, 199), (312, 192), (280, 188), (264, 183), (244, 183), (225, 179), (209, 174), (194, 172), (179, 170), (171, 172)]
1460 : auto : [(742, 419), (694, 399), (629, 375), (585, 359), (539, 342), (493, 328), (454, 313), (422, 303), (386, 289), (357, 279), (333, 271), (307, 263), (285, 255), (267, 249), (243, 240), (228, 236), (216, 232), (198, 224), (185, 221), (175, 216), (161, 213), (151, 208), (143, 205), (132, 201), (124, 199)]
1461 : tw : [(745, 416), (664, 390), (606, 370), (554, 354), (489, 335), (445, 322), (405, 310), (357, 296), (327, 285), (297, 275), (265, 265), (242, 257), (225, 249), (202, 242), (184, 236), (171, 230), (153, 224), (142, 219), (130, 216), (118, 211), (110, 207)]
1462 : tw : [(805, 414), (712, 386), (646, 363), (585, 348), (507, 325), (456, 307), (412, 296), (359, 278), (328, 268), (297, 258), (261, 246), (237, 239), (218, 231), (194, 224), (178, 219), (162, 215), (147, 207), (134, 204), (123, 201)]
1464 : tw : [(764, 436), (676, 402), (612, 383), (553, 368), (486, 345), (435, 329), (394, 314), (346, 295), (314, 284), (285, 278), (251, 265), (229, 258), (208, 250), (186, 242), (170, 236), (155, 230), (137, 224), (125, 219), (116, 216), (103, 211)]
1463 : 3t : [(708, 304), (666, 294), (613, 281), (573, 269), (536, 258), (491, 251), (460, 242), (432, 234), (393, 227), (368, 222), (346, 216), (318, 211), (300, 206), (282, 202), (258, 197), (244, 195), (231, 192), (213, 187), (202, 185), (191, 183), (177, 181), (168, 178), (141, 173), (140, 172)]
1465 : bus : [(525, 368), (447, 341), (396, 326), (349, 309), (300, 291), (268, 278), (238, 267), (204, 256), (183, 247), (165, 240), (143, 230), (129, 226), (116, 220), (100, 216), (91, 211), (81, 208)]
1466 : auto : [(738, 460), (682, 439), (606, 414), (557, 396), (514, 378), (453, 357), (415, 344), (383, 326), (342, 316), (313, 301), (291, 295), (258, 283), (235, 276), (220, 267), (198, 259), (184, 254), (169, 247), (153, 239), (141, 237), (131, 233), (119, 226), (109, 223), (102, 219), (93, 214)]
1467 : 2t : [(758, 314), (695, 298), (647, 284), (604, 275), (548, 261), (510, 252), (474, 245), (431, 235), (400, 228), (373, 221), (340, 213), (225, 189), (211, 185), (270, 197), (183, 179), (172, 177), (159, 174)]
1468 : auto : [(709, 418), (662, 410), (612, 389), (561, 365), (518, 352), (485, 342), (440, 320), (407, 312), (381, 301), (345, 291), (324, 279), (302, 273), (276, 264), (256, 257), (241, 252), (222, 245), (209, 240), (195, 235), (182, 229), (171, 224), (161, 223), (149, 217), (140, 215), (132, 211), (124, 209), (115, 206), (110, 205)]
1469 : auto : [(755, 414), (676, 386), (623, 371), (574, 351), (513, 327), (471, 315), (431, 302), (386, 286), (356, 275), (331, 271), (298, 255), (275, 250), (254, 241), (230, 234), (214, 229), (201, 223), (181, 217), (169, 213), (158, 209), (144, 203), (135, 202), (127, 199)]
1470 : tw : [(696, 434), (638, 417), (586, 402), (520, 377), (475, 365), (432, 351), (383, 333), (350, 323), (320, 313), (285, 299), (263, 290), (240, 282), (215, 271), (199, 264), (182, 258), (164, 250), (151, 245), (139, 240), (126, 234), (117, 231), (107, 227), (97, 222), (90, 219)]
1472 : ml : [(798, 354), (731, 330), (675, 312), (626, 295), (556, 280), (513, 269), (473, 256), (428, 246), (394, 239), (362, 227), (322, 222), (300, 213), (279, 208), (253, 202), (234, 198), (218, 200), (198, 190), (183, 186), (171, 183), (156, 181)]
1471 : tw : [(774, 435), (724, 422), (661, 403), (615, 387), (569, 372), (516, 356), (477, 344), (442, 334), (396, 319), (370, 312), (340, 300), (307, 292), (287, 283), (265, 276), (241, 266), (226, 261), (210, 255), (193, 247), (180, 244), (166, 237), (153, 234), (143, 227), (133, 226), (122, 221), (114, 217), (106, 214)]
1473 : tw : [(697, 457), (637, 436), (578, 419), (510, 395), (462, 377), (421, 363), (372, 343), (339, 332), (308, 321), (274, 307), (251, 296), (232, 287), (206, 278), (189, 269), (174, 264), (157, 256), (145, 249), (134, 243), (122, 237), (113, 234), (103, 229), (95, 223), (87, 220)]
1474 : tw : [(782, 387), (725, 372), (668, 355), (594, 334), (547, 318), (502, 305), (449, 288), (412, 280), (380, 271), (339, 258), (312, 250), (286, 242), (258, 235), (238, 229), (221, 223), (201, 217), (186, 213), (174, 208), (158, 203), (148, 200), (137, 198)]
1475 : car : [(825, 325), (726, 299), (657, 279), (592, 261), (513, 245), (467, 232), (420, 221), (367, 209), (332, 203), (303, 198), (264, 190), (240, 186), (217, 182), (194, 178), (179, 173)]
1476 : tw : [(697, 474), (614, 443), (559, 428), (508, 407), (447, 384), (404, 366), (369, 351), (327, 333), (299, 322), (274, 310), (244, 295), (226, 285), (210, 278), (188, 268), (174, 260), (162, 253), (147, 246), (136, 240), (127, 236), (116, 230), (108, 225), (101, 222), (92, 217)]
1477 : bus : [(590, 279), (540, 267), (494, 257), (440, 244), (403, 235), (369, 226), (330, 218), (304, 211), (281, 206), (252, 198), (233, 195)]
1478 : tw : [(759, 418), (668, 391), (604, 371), (541, 354), (471, 331), (425, 315), (381, 304), (332, 287), (300, 276), (272, 267), (238, 256), (217, 247), (197, 242), (175, 233), (160, 227), (146, 221), (129, 214), (120, 212), (109, 208)]
1479 : 4t : [(514, 402), (469, 384), (427, 369), (376, 350), (345, 338), (314, 325), (278, 309), (254, 297), (233, 290), (206, 278), (188, 270), (174, 263), (153, 253), (141, 248), (129, 242), (115, 236), (106, 232), (98, 228)]
1480 : car : [(853, 333), (763, 305), (697, 290), (635, 271), (563, 255), (510, 241), (467, 230), (413, 218), (375, 210), (342, 205), (303, 198), (276, 192), (253, 188), (225, 184), (207, 179), (191, 177), (172, 171)]
1481 : car : [(841, 338), (783, 322), (705, 296), (644, 282), (594, 267), (533, 253), (493, 242), (453, 235), (407, 223), (379, 213), (347, 209), (314, 203), (289, 198), (265, 193), (241, 189), (225, 187), (208, 182), (188, 177), (176, 174), (165, 173)]
1482 : tw : [(720, 416), (665, 395), (612, 384), (546, 361), (500, 347), (461, 334), (410, 320), (376, 308), (346, 298), (308, 288), (285, 280), (264, 272), (237, 261), (217, 255), (201, 249), (182, 241), (169, 237), (156, 232), (140, 227), (130, 223), (121, 220), (108, 215), (101, 212)]
1483 : tw : [(547, 490), (496, 471), (430, 440), (387, 422), (347, 404), (303, 383), (273, 370), (247, 355), (215, 341), (192, 327), (175, 318), (153, 306), (138, 296), (126, 289), (112, 279), (101, 272), (92, 266), (80, 260), (72, 253), (65, 250), (57, 244), (51, 241), (47, 235)]
1484 : tw : [(796, 366), (746, 353), (674, 337), (623, 323), (576, 309), (517, 297), (476, 287), (440, 275), (394, 265), (363, 258), (335, 249), (301, 238), (280, 233), (260, 227), (235, 222), (219, 215), (203, 213), (184, 206), (173, 204), (160, 201), (147, 198), (137, 194)]
1485 : car : [(877, 340), (801, 318), (744, 301), (689, 286), (626, 266), (576, 257), (528, 246), (480, 233), (439, 224), (406, 216), (363, 208), (337, 203), (313, 199), (282, 194), (261, 190), (242, 186), (218, 181), (203, 179), (190, 177), (173, 173)]
1486 : ml : [(759, 427), (711, 400), (628, 377), (580, 358), (525, 342), (464, 324), (423, 309), (386, 296), (344, 278), (311, 272), (288, 263), (256, 255), (236, 247), (218, 240), (195, 232), (181, 225), (167, 222), (151, 217), (141, 212), (133, 210), (119, 206)]
1487 : car : [(841, 341), (774, 322), (707, 295), (645, 281), (592, 267), (529, 251), (484, 239), (445, 230), (393, 221), (359, 212), (329, 206), (296, 199), (270, 196), (249, 191), (225, 187), (207, 184), (191, 181), (173, 178), (160, 174)]
1488 : tw : [(687, 478), (632, 460), (562, 435), (513, 421), (469, 398), (415, 378), (378, 363), (347, 351), (307, 336), (283, 326), (258, 315), (233, 302), (213, 293), (196, 285), (177, 277), (164, 269), (150, 264), (135, 256), (126, 251), (115, 246), (103, 240), (96, 236), (89, 233), (80, 228), (73, 224)]
1489 : tw : [(670, 463), (607, 443), (531, 412), (480, 394), (434, 379), (378, 356), (342, 341), (308, 329), (273, 313), (248, 301), (227, 291), (202, 279), (184, 271), (169, 266), (151, 255), (138, 248), (128, 244), (114, 237), (105, 232), (97, 226), (87, 222)]
1490 : tw : [(740, 385), (655, 360), (575, 335), (484, 310), (423, 292), (374, 276), (315, 259), (278, 248), (247, 237), (212, 228), (189, 220), (169, 214), (147, 206), (131, 202)]
1491 : tw : [(694, 450), (637, 429), (581, 411), (514, 386), (471, 373), (431, 357), (383, 340), (347, 329), (319, 316), (286, 303), (259, 293), (239, 283), (214, 274), (197, 267), (182, 262), (163, 253), (150, 247), (139, 242), (125, 236), (116, 233), (108, 228), (96, 223), (88, 220)]
1492 : tw : [(658, 448), (581, 422), (528, 402), (479, 384), (420, 362), (382, 350), (345, 336), (305, 319), (280, 311), (255, 298), (228, 288), (210, 278), (191, 271), (172, 261), (158, 255), (145, 249), (130, 242), (119, 237), (110, 234), (100, 228), (91, 224), (84, 220)]
1493 : car : [(816, 381), (720, 352), (652, 329), (588, 311), (510, 283), (459, 272), (415, 261), (360, 246), (325, 237), (295, 228), (257, 217), (233, 212), (210, 207), (186, 200), (168, 198), (153, 194)]
1494 : tw : [(719, 441), (630, 415), (568, 392), (512, 371), (445, 353), (401, 337), (362, 323), (315, 305), (287, 294), (260, 285), (229, 272), (209, 264), (189, 256), (168, 246), (153, 240), (139, 236), (125, 229), (114, 224), (103, 220), (92, 214)]
1495 : tw : [(797, 391), (723, 370), (648, 349), (563, 326), (503, 309), (450, 295), (392, 276), (352, 264), (316, 254), (276, 241), (250, 234), (227, 227), (201, 217), (183, 213), (166, 207), (147, 201), (135, 198)]
1496 : tw : [(599, 478), (526, 448), (478, 429), (433, 415), (380, 390), (346, 375), (314, 364), (276, 345), (250, 333), (228, 324), (201, 311), (183, 300), (168, 294), (148, 282), (136, 277), (124, 270), (111, 263), (101, 258), (93, 253), (82, 245), (74, 243), (69, 238), (60, 234), (54, 232)]
1497 : tw : [(757, 405), (667, 381), (601, 361), (542, 343), (473, 323), (426, 308), (384, 295), (335, 280), (303, 268), (275, 259), (241, 249), (220, 242), (201, 234), (178, 228), (161, 222), (148, 217), (131, 211), (121, 207)]
1498 : car : [(881, 333), (796, 306), (739, 288), (676, 273), (604, 255), (555, 242), (503, 232), (447, 219), (410, 211), (373, 204), (333, 197), (307, 193), (282, 188), (250, 183), (229, 179), (212, 176), (191, 172), (178, 170)]
1499 : tw : [(734, 446), (642, 419), (574, 391), (515, 373), (447, 348), (398, 330), (357, 317), (311, 298), (280, 286), (254, 275), (223, 263), (203, 254), (184, 247), (161, 239), (148, 234), (135, 228), (119, 221), (109, 217), (99, 214)]
1500 : tw : [(667, 418), (600, 394), (535, 372), (459, 350), (411, 334), (367, 320), (318, 303), (286, 290), (258, 281), (226, 269), (205, 259), (186, 252), (163, 243), (148, 237), (136, 232), (119, 226), (108, 221), (99, 218)]
1501 : auto : [(742, 456), (684, 446), (631, 425), (570, 397), (525, 380), (485, 363), (430, 341), (400, 331), (366, 316), (331, 302), (306, 292), (282, 287), (256, 272), (240, 267), (222, 259), (202, 251), (189, 247), (177, 241), (160, 235), (149, 230), (140, 226), (127, 223), (119, 218), (112, 215), (101, 211)]
1502 : car : [(860, 335), (762, 305), (687, 287), (626, 268), (542, 249), (489, 237), (441, 225), (384, 213), (346, 204), (315, 200), (274, 192), (249, 188), (227, 184), (200, 179), (183, 175), (168, 171)]
1503 : tw : [(712, 424), (650, 405), (594, 385), (518, 363), (472, 346), (427, 331), (375, 312), (341, 300), (311, 289), (276, 275), (252, 267), (232, 260), (208, 250), (190, 243), (176, 237), (157, 231), (146, 226), (133, 221), (122, 217), (112, 212), (103, 209)]
1504 : tw : [(698, 440), (628, 416), (560, 392), (483, 368), (432, 348), (387, 331), (335, 314), (301, 297), (274, 287), (239, 273), (217, 265), (196, 255), (174, 246), (158, 240), (144, 233), (127, 226), (115, 222), (105, 217)]
1505 : car : [(782, 367), (711, 343), (634, 321), (544, 292), (486, 273), (434, 259), (375, 242), (333, 232), (304, 223), (262, 211), (236, 206), (213, 200), (187, 196), (170, 191), (153, 187)]
1506 : tw : [(653, 437), (538, 398), (465, 373), (402, 348), (331, 322), (290, 304), (252, 288), (213, 271), (186, 260), (164, 250), (139, 240), (124, 234), (110, 226), (94, 219)]
1507 : 4t : [(733, 308), (679, 294), (639, 284), (599, 275), (553, 264), (518, 254), (487, 248), (392, 227), (420, 232), (394, 225), (363, 218), (341, 214), (322, 210), (296, 204), (280, 200), (262, 197), (245, 193), (232, 190), (218, 187), (203, 184), (192, 181), (182, 179)]
1508 : tw : [(741, 457), (665, 431), (592, 407), (505, 376), (449, 358), (398, 342), (341, 318), (304, 305), (273, 292), (237, 277), (214, 268), (193, 257), (169, 248), (153, 240), (140, 234), (123, 226), (112, 222), (101, 218)]
1509 : lgv : [(680, 307), (614, 291), (552, 275), (480, 258), (432, 247), (388, 235), (339, 222), (306, 214), (279, 207), (243, 199), (221, 194), (203, 190), (180, 186), (164, 181), (150, 178)]
1510 : tw : [(718, 474), (635, 444), (578, 422), (521, 402), (459, 374), (415, 360), (375, 348), (325, 329), (298, 319), (270, 306), (240, 292), (217, 282), (200, 274), (178, 264), (162, 256), (149, 252), (133, 243), (121, 238), (112, 234), (100, 229), (90, 224), (84, 220)]
1511 : car : [(772, 383), (681, 350), (580, 315), (516, 297), (455, 276), (391, 256), (342, 242), (311, 231), (265, 220), (238, 210), (212, 204), (185, 197), (167, 194), (152, 188)]
1513 : car : [(740, 428), (643, 389)]
1514 : car : [(333, 279), (290, 265), (255, 252), (213, 238), (189, 231), (168, 225), (142, 214), (126, 210), (112, 205)]
1512 : 2t : [(649, 282), (606, 272), (570, 263), (524, 251), (490, 245), (459, 238), (421, 228), (394, 222), (370, 216), (339, 210), (192, 181), (183, 178), (167, 174), (201, 181), (185, 179), (176, 175), (165, 174), (154, 172), (145, 170), (137, 169)]
1515 : 3t : [(686, 296), (638, 283), (590, 273), (528, 258), (489, 249), (453, 241), (405, 230), (374, 223), (346, 216), (312, 209), (290, 204), (269, 199), (244, 195), (226, 190), (211, 187), (193, 183), (180, 180), (168, 178), (154, 174), (144, 173), (135, 171), (124, 168)]
1516 : ml : [(650, 411), (567, 375), (495, 354), (408, 320), (352, 301), (313, 285), (263, 269), (230, 260), (203, 250), (178, 236), (153, 230), (139, 222), (105, 211)]
1517 : auto : [(138, 223), (118, 216), (105, 212)]
1518 : tw : [(548, 481), (491, 459), (428, 429), (386, 410), (348, 392), (306, 373), (277, 358), (251, 346), (219, 328), (200, 319), (183, 312), (160, 298), (146, 288), (133, 281), (118, 273), (107, 267), (98, 261), (87, 254), (78, 250), (73, 246), (64, 241), (57, 236), (52, 233)]
1519 : lgv : [(430, 365), (383, 348), (331, 327), (298, 314), (268, 301), (233, 287), (211, 277), (190, 269), (167, 258), (151, 251), (136, 244), (120, 236), (108, 231), (98, 226)]
1520 : lgv : []
1521 : tw : [(682, 450), (605, 422), (514, 388), (456, 367), (403, 349), (345, 326), (305, 312), (272, 297), (237, 283), (213, 271), (191, 262), (167, 252), (150, 243), (135, 238), (119, 230), (107, 225), (97, 219)]
1522 : car : [(866, 343), (788, 317), (717, 297), (626, 272), (562, 258), (504, 243), (436, 229), (393, 218), (356, 208), (310, 202), (280, 195), (252, 190), (222, 185), (202, 180), (182, 177)]
1523 : ml : [(763, 390), (697, 365), (605, 340), (556, 326), (497, 307), (431, 282), (393, 272), (350, 263), (311, 251), (283, 239), (255, 234), (226, 228), (207, 219), (190, 215), (171, 210), (156, 206), (142, 201), (130, 199)]
1524 : tw : [(859, 343), (791, 321), (720, 304), (634, 285), (572, 268), (517, 258), (453, 242), (411, 230), (373, 222), (328, 211), (300, 203), (274, 199), (244, 192), (224, 188), (206, 184), (186, 179), (172, 176)]
1525 : tw : [(652, 437), (543, 400), (473, 373), (411, 351), (343, 327), (300, 310), (265, 295), (222, 279), (197, 266), (175, 256), (149, 245), (132, 238), (118, 231), (101, 223), (89, 217)]
1526 : tw : [(678, 424), (617, 405), (556, 386), (485, 360), (436, 344), (393, 329), (342, 310), (308, 299), (281, 290), (245, 275), (224, 268), (204, 260), (180, 251), (164, 244), (150, 239), (133, 232), (123, 228), (111, 224), (98, 219), (89, 216)]
1527 : tw : [(682, 453), (610, 426), (520, 396), (463, 375), (412, 357), (353, 332), (315, 317), (284, 302), (245, 288), (219, 276), (199, 268), (173, 255), (158, 248), (142, 242), (125, 235), (115, 231), (103, 225), (91, 218)]
1528 : car : [(729, 403), (652, 377), (560, 344), (492, 323), (439, 303), (375, 283), (332, 268), (299, 258), (256, 244), (229, 237), (210, 230), (180, 222), (163, 216), (145, 211), (127, 205)]
1529 : car : [(825, 319), (754, 299), (682, 281), (598, 259), (535, 244), (484, 232), (424, 217), (380, 208), (344, 202), (303, 194), (274, 190), (248, 184), (218, 178), (201, 176), (183, 172)]
1530 : tw : [(745, 458), (676, 438), (607, 417), (525, 389), (471, 370), (421, 353), (363, 334), (325, 319), (292, 306), (254, 291), (228, 282), (206, 273), (180, 263), (163, 255), (148, 248), (128, 240), (116, 235), (106, 230), (94, 225), (84, 221)]
1531 : tw : [(721, 470), (664, 449), (592, 421), (541, 403), (494, 388), (439, 366), (401, 353), (365, 338), (324, 324), (298, 315), (272, 302), (243, 290), (224, 283), (207, 276), (185, 267), (171, 261), (158, 255), (142, 248), (130, 242), (122, 238), (109, 233), (101, 228), (94, 225), (84, 220)]
1532 : tw : [(701, 420), (633, 399), (571, 378), (496, 354), (449, 336), (403, 323), (352, 302), (318, 292), (288, 281), (256, 268), (233, 260), (213, 250), (188, 242), (173, 236), (159, 230), (141, 223), (130, 219), (121, 215), (107, 209)]
1533 : tw : [(720, 391), (659, 374), (581, 354), (527, 340), (479, 326), (420, 310), (382, 300), (346, 290), (304, 276), (279, 271), (251, 259), (224, 250), (204, 244), (187, 239), (165, 233), (152, 227), (139, 222), (124, 217), (114, 213), (105, 211)]
1535 : ml : [(165, 232), (151, 228), (146, 226), (119, 218), (113, 214), (104, 211)]
1534 : tractr : [(736, 434), (652, 416), (597, 405), (570, 392), (524, 379), (502, 354), (462, 351), (430, 335), (387, 316), (367, 308), (337, 301), (317, 293), (294, 287), (273, 279), (255, 270), (241, 262), (222, 256), (213, 251), (198, 247), (184, 242), (178, 239), (165, 235), (154, 229), (139, 221), (129, 220), (121, 218), (115, 215), (104, 212), (101, 211)]
1536 : tw : [(745, 461), (683, 441), (638, 429), (597, 413), (546, 397), (507, 387), (474, 371), (431, 358), (401, 347), (375, 337), (339, 326), (318, 317), (297, 310), (274, 299), (254, 292), (239, 285), (219, 278), (206, 273), (193, 266), (178, 261), (167, 256), (157, 252), (144, 246), (136, 242), (128, 239), (118, 233), (113, 229), (106, 230), (99, 225), (95, 220), (89, 218)]
1537 : tw : [(776, 424), (723, 407), (652, 386), (605, 369), (559, 353), (502, 336), (465, 324), (429, 314), (387, 300), (356, 288), (332, 281), (298, 270), (277, 264), (258, 255), (236, 248), (220, 242), (206, 236), (188, 231), (176, 226), (163, 221), (151, 216), (141, 214), (133, 211), (123, 206), (115, 203)]
1538 : ml : [(863, 340), (808, 320), (755, 307), (703, 295), (641, 281), (598, 274), (553, 261), (502, 249), (461, 237), (430, 234), (390, 222), (359, 217), (333, 208), (303, 202), (285, 198), (265, 197), (243, 191), (226, 189), (213, 186), (196, 184), (186, 181), (176, 179), (160, 174)]
1539 : car : [(799, 409), (711, 381), (618, 352), (515, 317), (450, 294), (392, 277), (327, 257), (286, 244), (253, 235), (211, 225), (186, 217), (164, 210), (140, 204), (125, 199)]
1540 : tw : [(673, 454), (615, 434), (539, 408), (489, 389), (445, 374), (390, 354), (352, 341), (321, 326), (284, 313), (258, 301), (236, 292), (209, 281), (191, 272), (176, 266), (157, 257), (144, 254), (132, 248), (117, 240), (107, 235), (98, 231), (87, 227), (79, 224)]
1541 : ml : [(876, 328), (827, 315), (762, 302), (722, 287), (674, 273), (618, 263), (576, 256), (533, 245), (490, 234), (456, 228), (423, 222), (387, 211), (361, 204), (341, 200), (315, 197), (293, 192), (276, 189), (251, 187), (236, 185), (224, 181), (206, 176), (195, 176), (185, 176), (171, 173)]
1542 : tw : [(705, 459), (628, 428), (534, 398), (474, 374), (417, 355), (354, 333), (314, 316), (282, 303), (240, 286), (213, 275), (192, 265), (167, 253), (150, 246), (134, 239), (118, 232), (106, 227), (96, 220)]
1543 : tw : [(691, 439), (594, 404), (526, 382), (468, 362), (400, 339), (355, 322), (318, 310), (273, 291), (243, 281), (219, 271), (190, 260), (171, 252), (155, 245), (135, 237), (123, 232), (110, 227), (97, 220), (87, 216)]
1544 : tw : [(808, 390), (743, 374), (658, 351), (599, 334), (543, 321), (476, 301), (429, 289), (390, 277), (344, 264), (313, 257), (283, 247), (251, 237), (229, 232), (210, 226), (186, 219), (171, 215), (157, 210), (140, 205), (128, 201)]
1545 : auto : [(698, 471), (628, 452), (582, 433), (538, 415), (483, 397), (439, 381), (411, 366), (374, 349), (344, 335), (322, 327), (287, 313), (268, 305), (251, 295), (228, 287), (211, 279), (194, 271), (180, 264), (165, 259), (156, 254), (141, 247), (130, 243), (123, 239), (111, 235), (103, 232), (96, 227), (86, 223), (80, 221)]
1546 : auto : [(776, 409), (718, 389), (644, 358), (589, 343), (547, 327), (487, 308), (446, 295), (416, 290), (371, 272), (340, 263), (314, 256), (282, 248), (262, 239), (243, 234), (218, 227), (204, 223), (189, 217), (172, 212), (159, 209), (148, 207), (134, 199), (126, 198)]
1548 : auto : [(113, 213), (114, 210), (110, 211)]
1547 : tw : [(838, 344), (769, 325), (705, 307), (617, 287), (558, 271), (508, 258), (444, 243), (402, 233), (365, 225), (323, 212), (295, 206), (270, 202), (242, 193), (224, 190), (205, 185), (185, 183), (172, 178), (160, 176)]
1549 : tw : [(524, 416), (483, 401), (445, 386), (396, 367), (365, 354), (337, 342), (301, 325), (280, 314), (259, 305), (234, 295), (215, 286), (201, 281), (183, 271), (170, 264), (159, 260), (145, 254), (135, 248), (127, 244), (114, 238), (107, 234), (101, 229), (91, 226), (86, 223)]
1550 : lgv : [(665, 289), (613, 276), (565, 264), (507, 251), (466, 241), (429, 232), (384, 222), (355, 214), (329, 209), (296, 202), (275, 198), (256, 194), (233, 188), (216, 184), (150, 170)]
1551 : car : [(753, 373), (695, 352), (640, 338), (574, 312), (530, 299), (485, 286), (437, 271), (405, 261), (374, 252), (337, 240), (313, 234), (288, 227), (260, 218), (244, 213), (228, 209), (206, 206), (192, 202), (178, 198), (164, 195), (151, 192)]
1552 : car : [(779, 419), (718, 396), (635, 367), (578, 349), (525, 329), (462, 306), (420, 292), (384, 281), (339, 266), (311, 257), (283, 249), (252, 238), (231, 233), (211, 227), (191, 219), (176, 217), (159, 211), (142, 206), (131, 202), (121, 200)]
1553 : tw : [(702, 489), (616, 457), (551, 432), (495, 411), (428, 387), (385, 371), (345, 354), (299, 335), (271, 320), (244, 306), (215, 296), (197, 286), (179, 279), (159, 268), (145, 262), (131, 254), (117, 247), (107, 241), (99, 236), (80, 227)]
1554 : 3t : [(614, 278), (575, 268), (524, 256), (490, 249), (458, 241), (419, 232), (392, 226), (365, 220), (334, 213), (314, 208), (293, 204), (270, 199), (253, 196), (240, 192), (220, 188), (207, 185)]
1555 : car : [(778, 418), (699, 396), (612, 362), (545, 340), (484, 321), (417, 299), (375, 285), (333, 275), (289, 258), (264, 249), (235, 241), (209, 233), (185, 224), (168, 222), (148, 215), (132, 211), (121, 207)]
1556 : 3t : []
1557 : auto : [(711, 435), (649, 426), (599, 399), (530, 375), (485, 357), (441, 339), (396, 321), (364, 309), (332, 297), (296, 284), (273, 277), (252, 270), (227, 259), (209, 255), (194, 249), (176, 240), (163, 237), (151, 231), (138, 227), (127, 224), (120, 219), (107, 215), (101, 211)]
1558 : car : [(813, 331), (725, 306), (667, 287), (609, 273), (536, 257), (493, 244), (448, 235), (398, 222), (361, 215), (331, 209), (297, 202), (271, 197), (249, 194), (224, 188), (205, 185), (189, 181), (171, 178)]
1559 : car : [(854, 333), (782, 312), (719, 293), (634, 270), (575, 259), (519, 246), (460, 231), (418, 222), (378, 214), (333, 204), (304, 200), (276, 196), (246, 189), (226, 186), (205, 182), (182, 177), (168, 174)]
1560 : auto : [(721, 480), (636, 457), (577, 425), (522, 405), (463, 375), (422, 358), (386, 347), (341, 325), (311, 310), (289, 301), (254, 286), (235, 278), (216, 271), (194, 260), (180, 255), (166, 249), (151, 241), (140, 237), (128, 232), (116, 226), (107, 222), (100, 218), (91, 214)]
1562 : car : [(603, 430), (526, 399), (454, 367), (373, 334), (327, 315), (286, 296), (238, 275), (208, 264), (182, 253), (154, 240), (136, 234), (120, 228), (102, 221), (90, 215)]
1561 : 5t : [(709, 314), (640, 297), (592, 283), (548, 273), (494, 260), (457, 251), (421, 241), (380, 233), (352, 225), (326, 216), (294, 204), (274, 197), (257, 199), (234, 196), (218, 192)]
1564 : car : [(816, 337), (742, 316), (658, 294), (588, 280), (534, 266), (469, 249), (426, 234), (382, 227), (330, 210), (297, 208), (272, 197), (243, 191)]
1563 : auto : [(701, 452), (624, 422), (571, 405), (521, 384), (466, 363), (421, 347), (387, 333), (348, 316), (318, 312), (292, 299), (260, 290), (241, 279), (222, 272), (199, 262), (186, 257), (172, 252), (159, 244), (147, 246), (136, 238), (125, 231), (115, 227), (107, 225), (99, 221), (90, 215)]
1565 : car : [(843, 331), (763, 304), (700, 290), (642, 275), (576, 258), (525, 247), (481, 237), (429, 224), (395, 216), (364, 208), (322, 202), (299, 198), (272, 193), (244, 189), (227, 187), (208, 182), (187, 178), (174, 175)]
1566 : tw : [(616, 490), (546, 461), (498, 442), (450, 428), (398, 403), (361, 389), (330, 373), (292, 356), (267, 344), (246, 333), (217, 319), (197, 311), (182, 301), (161, 291), (148, 281), (136, 276), (121, 268), (112, 263), (102, 257), (92, 251), (84, 247), (78, 244), (69, 238), (63, 235), (56, 231)]
1567 : car : [(818, 367), (756, 349), (677, 322), (624, 306), (572, 292), (510, 275), (468, 261), (431, 250), (385, 238), (356, 231), (324, 226), (292, 216), (267, 211), (249, 205), (226, 200), (207, 197), (190, 194), (173, 188), (160, 185), (150, 184)]
1568 : car : [(870, 345), (790, 320), (732, 299), (669, 286), (598, 263), (547, 254), (500, 242), (447, 230), (411, 221), (380, 212), (333, 207), (311, 202), (284, 196), (258, 191), (237, 186), (218, 183), (197, 179), (183, 176), (169, 173)]
1569 : tw : [(689, 437), (611, 412), (540, 387), (458, 358), (405, 342), (357, 323), (305, 302), (274, 290), (243, 276), (212, 265), (190, 255), (172, 247), (151, 236), (136, 230), (123, 224), (107, 218), (97, 215)]
1570 : tw : [(705, 456), (630, 428), (545, 400), (486, 378), (432, 360), (371, 339), (332, 322), (297, 309), (259, 291), (232, 281), (213, 272), (185, 260), (168, 250), (152, 245), (134, 237), (122, 231), (111, 227), (98, 220), (89, 217)]
1571 : 2t : [(682, 306), (621, 289), (547, 271), (495, 259), (448, 247), (394, 234), (358, 225), (326, 217), (289, 209), (263, 201), (241, 197), (216, 191), (198, 187), (183, 183), (163, 179)]
1572 : car : [(775, 404), (705, 383), (655, 363), (605, 345), (547, 325), (505, 309), (463, 300), (416, 284), (385, 277), (357, 266), (321, 257), (298, 250), (275, 242), (246, 236), (230, 232), (213, 225), (194, 220), (181, 217), (168, 212), (151, 208), (142, 205), (132, 201)]
1573 : tw : [(747, 436), (679, 415), (619, 395), (539, 371), (488, 353), (442, 336), (387, 319), (351, 305), (318, 295), (279, 281), (256, 271), (234, 265), (208, 254), (190, 247), (173, 240), (155, 233), (143, 229), (130, 224), (117, 218), (107, 215), (99, 210)]
1574 : tw : [(734, 415), (649, 388), (545, 353), (478, 332), (419, 315), (351, 289), (311, 274), (274, 263), (235, 249), (210, 240), (187, 231), (161, 222), (145, 216), (130, 211), (113, 204)]
1575 : car : [(762, 314), (678, 293), (599, 270), (506, 249), (446, 235), (392, 222), (330, 209), (294, 203), (261, 197), (223, 189), (199, 184), (177, 179)]
1576 : car : [(844, 299), (769, 271), (679, 256), (604, 235), (543, 225), (468, 208), (420, 206), (375, 194), (324, 183), (293, 182), (262, 180), (228, 173), (209, 173)]
1577 : car : [(721, 391), (651, 367), (584, 346), (509, 320), (454, 304), (408, 289), (355, 274), (320, 262), (291, 253), (253, 242), (229, 241), (207, 234), (183, 224), (168, 217), (152, 213), (134, 208), (125, 203)]
1578 : car : [(853, 359), (757, 326), (682, 305), (620, 287), (536, 267), (481, 252), (433, 240), (375, 227), (338, 218), (304, 210), (264, 204), (239, 199), (216, 194), (189, 189), (173, 184), (156, 181)]
1579 : 3t : [(557, 419), (534, 408), (510, 398), (481, 386), (460, 378), (441, 369), (414, 359), (394, 353), (377, 344), (353, 337), (338, 329), (323, 324), (305, 315), (290, 310), (279, 305), (263, 297), (252, 293), (242, 289), (230, 282), (219, 279), (211, 276), (200, 271), (191, 266), (184, 263), (175, 259), (168, 255), (162, 253), (153, 249), (148, 245), (141, 243), (134, 240), (129, 236), (125, 235), (118, 231), (113, 229), (109, 227), (104, 225), (96, 220)]
1580 : tw : [(614, 495), (577, 483), (557, 477), (535, 470), (504, 457), (487, 445), (465, 435), (440, 426), (425, 418), (409, 410), (388, 397), (373, 390), (359, 385), (341, 375), (326, 370), (315, 362), (304, 354), (292, 349), (282, 346), (270, 335), (260, 330), (254, 325), (242, 319), (235, 315), (228, 312), (218, 305), (210, 300), (206, 297), (198, 291), (193, 287), (187, 284), (180, 281), (175, 278), (171, 274), (164, 270), (159, 267), (154, 266), (151, 263), (145, 260), (140, 257), (134, 255), (130, 254), (126, 251), (120, 249), (118, 247), (113, 246), (107, 242), (105, 240), (101, 239), (98, 236), (96, 235), (92, 234), (89, 233), (85, 231), (82, 230), (79, 227), (76, 227), (74, 225)]
1582 : car : [(859, 345), (797, 328), (714, 303), (659, 288), (600, 271), (535, 255), (488, 245), (447, 236), (400, 224), (364, 216), (333, 210), (299, 202), (273, 198), (252, 194), (226, 189), (209, 184), (194, 181), (176, 176), (163, 173)]
1581 : auto : [(684, 455), (630, 420), (582, 406), (521, 380), (483, 360), (445, 348), (400, 330), (367, 316), (340, 306), (306, 292), (282, 285), (265, 277), (241, 267), (223, 259), (210, 254), (191, 247), (177, 239), (166, 236), (151, 230), (142, 226), (131, 223), (120, 218), (113, 215), (104, 212)]
1583 : tw : [(713, 405), (629, 382), (532, 350), (469, 331), (412, 313), (350, 291), (309, 276), (275, 267), (237, 250), (212, 241), (191, 233), (165, 224), (148, 218), (134, 213), (118, 206)]
1584 : tw : [(631, 437), (555, 409), (485, 385), (406, 355), (357, 336), (315, 319), (267, 299), (238, 286), (212, 275), (181, 261), (162, 253), (145, 244), (125, 235), (113, 228), (101, 223), (88, 217)]
1585 : tw : [(756, 441), (670, 410), (605, 392), (545, 372), (474, 351), (427, 336), (388, 322), (341, 305), (309, 293), (280, 285), (248, 271), (228, 264), (209, 257), (187, 247), (171, 241), (157, 237), (141, 229), (129, 225), (119, 220), (107, 216), (99, 211)]
1586 : bus : [(672, 303), (600, 285), (552, 273), (504, 262), (451, 247), (412, 239), (379, 230), (338, 219), (311, 213), (287, 208), (257, 200), (238, 197), (222, 192), (200, 187)]
1587 : auto : [(737, 456), (645, 424), (583, 408), (527, 384), (461, 352), (416, 338), (373, 324), (331, 304), (299, 293), (273, 286), (241, 271), (225, 263), (202, 255), (181, 247), (164, 240), (153, 234), (136, 228), (125, 223), (116, 219), (102, 213)]
1588 : bus : [(594, 300), (541, 286), (496, 274), (439, 259), (400, 249), (364, 239), (325, 228), (299, 221), (275, 215), (246, 207), (227, 202), (210, 197), (189, 192), (175, 189), (163, 186)]
1589 : tw : [(741, 424), (669, 406), (581, 378), (520, 360), (468, 342), (403, 322), (362, 308), (326, 296), (284, 282), (257, 271), (234, 263), (206, 252), (187, 245), (170, 239), (150, 231), (135, 226), (123, 221), (109, 216), (99, 212)]
1590 : auto : [(582, 397), (517, 377), (478, 357), (439, 348), (392, 327), (361, 316), (337, 303), (301, 291), (282, 285), (258, 278), (236, 268), (220, 262), (202, 258), (187, 250), (175, 244), (163, 240), (150, 235), (139, 229), (131, 228), (122, 223), (115, 221), (106, 217), (98, 212)]
1591 : tw : [(748, 453), (682, 432), (616, 414), (540, 384), (485, 366), (440, 353), (383, 332), (345, 320), (312, 306), (276, 292), (251, 283), (228, 272), (201, 263), (183, 254), (167, 247), (149, 241), (135, 236), (124, 232), (110, 226), (101, 222), (93, 218)]
1592 : tw : [(780, 408), (717, 393), (637, 371), (578, 353), (525, 338), (460, 321), (418, 307), (379, 295), (334, 281), (304, 271), (277, 262), (245, 253), (224, 245), (206, 240), (182, 232), (166, 227), (154, 223), (136, 217), (126, 213), (116, 210)]
1593 : 3t : [(540, 343), (500, 329), (464, 317), (420, 302), (390, 291), (362, 281), (330, 270), (309, 261), (286, 252), (263, 245), (247, 239), (232, 232), (212, 227), (199, 222), (189, 217), (175, 211), (163, 208), (155, 205), (144, 201), (136, 198), (129, 196), (119, 193), (99, 186)]
1594 : tw : [(813, 396), (764, 382), (712, 367), (648, 349), (600, 336), (554, 326), (497, 312), (460, 299), (425, 291), (383, 280), (353, 270), (326, 264), (293, 256), (273, 249), (252, 243), (229, 237), (213, 232), (199, 228), (179, 221), (167, 219), (155, 215), (142, 211), (133, 208), (124, 206)]
1596 : tw : [(779, 401), (685, 373), (615, 351), (555, 333), (480, 313), (431, 299), (385, 285), (339, 272), (305, 259), (276, 250), (241, 240), (221, 232), (202, 226), (177, 218), (162, 214), (148, 209), (131, 202), (122, 199)]
1595 : tw : [(601, 499), (551, 477), (492, 455), (451, 441), (416, 423), (370, 402), (340, 388), (313, 374), (281, 360), (259, 349), (239, 336), (216, 326), (200, 317), (186, 309), (167, 298), (155, 292), (145, 283), (130, 277), (121, 273), (112, 266), (100, 260), (93, 255), (85, 251), (78, 247), (71, 243), (66, 240), (58, 235), (53, 232)]
1597 : 3t : [(665, 286), (617, 274), (584, 267), (552, 259), (511, 250), (482, 243), (455, 237), (421, 230), (398, 225), (376, 219), (349, 213), (331, 210), (311, 205), (289, 201), (274, 198), (259, 195), (242, 191), (229, 189), (218, 187), (204, 183), (193, 181), (183, 179), (170, 177), (163, 177), (155, 174), (145, 172), (137, 171), (132, 169), (122, 168)]
1598 : car : [(853, 328), (816, 319), (780, 308), (731, 295), (698, 286), (666, 277), (620, 266), (585, 259), (556, 252), (516, 234), (487, 225), (462, 220), (430, 208), (402, 201)]
1599 : car : [(804, 371), (752, 356), (691, 340), (644, 325), (600, 314), (542, 297), (505, 286), (466, 278), (420, 267), (387, 259), (358, 251), (322, 243), (299, 237), (280, 231), (251, 225), (228, 219), (209, 214), (189, 210), (175, 207), (164, 203), (147, 198), (136, 196)]
1600 : car : [(180, 176), (172, 176)]
1601 : 3t : [(505, 388), (458, 370), (427, 358), (398, 349), (363, 334), (339, 324), (316, 316), (289, 304), (269, 296), (250, 289), (231, 280), (215, 275), (201, 268), (184, 261), (172, 256), (161, 251), (147, 245), (139, 241), (118, 234), (89, 223), (104, 227)]
1602 : 3t : [(721, 303), (646, 283), (595, 272), (545, 258), (483, 245), (445, 234), (406, 226), (363, 216), (335, 208), (308, 201), (276, 195), (255, 192), (236, 188), (213, 184)]
1603 : car : [(815, 355), (764, 334), (694, 315), (646, 298), (600, 284), (545, 268), (509, 260), (470, 250), (431, 238), (401, 229), (375, 222), (341, 215), (319, 210), (300, 205), (273, 199), (257, 196), (242, 193), (223, 190), (208, 186), (199, 182), (182, 179), (172, 177), (163, 174)]
1604 : tw : [(655, 437), (594, 412), (537, 388), (471, 364), (427, 343), (388, 330), (342, 314), (312, 299), (287, 288), (257, 276), (238, 267), (219, 259), (199, 249), (185, 243), (170, 237), (155, 230), (145, 225), (135, 220), (125, 214), (116, 212), (109, 208)]
1605 : car : [(773, 410), (715, 392), (647, 370), (577, 343), (526, 326), (480, 310), (428, 293), (392, 278), (359, 269), (321, 257), (294, 248), (270, 242), (244, 232), (225, 226), (207, 223), (188, 215), (174, 211), (161, 208), (145, 203), (135, 198)]
1606 : tw : [(765, 417), (704, 394), (643, 379), (567, 357), (516, 340), (470, 326), (414, 307), (379, 296), (346, 286), (310, 270), (284, 263), (259, 256), (234, 246), (215, 240), (200, 234), (179, 227), (166, 222), (153, 217), (139, 213), (130, 210), (121, 206)]
1607 : auto : [(631, 430), (582, 406), (540, 393), (479, 372), (443, 359), (408, 348), (366, 330), (335, 314), (316, 309), (284, 298), (266, 288), (242, 279), (222, 270), (221, 268)]
1608 : tw : [(808, 390), (755, 378), (684, 356), (634, 340), (584, 328), (524, 314), (481, 302), (443, 291), (398, 278), (367, 272), (339, 260), (305, 251), (282, 244), (263, 238), (237, 230), (221, 226), (205, 221), (185, 214), (173, 210), (160, 207), (146, 203), (137, 200), (127, 200)]
1611 : ml : [(129, 230), (120, 225), (116, 216), (114, 213)]
1609 : auto : [(206, 263), (193, 260), (175, 255), (165, 246), (154, 243), (138, 235), (126, 228), (121, 228), (110, 221), (105, 218), (105, 216), (96, 213)]
1610 : tw : [(708, 479), (633, 453), (582, 432), (529, 419), (469, 396), (349, 349), (319, 335), (292, 326), (264, 311), (241, 302), (225, 293), (200, 282), (185, 277), (171, 268), (155, 262), (144, 257), (133, 251), (121, 246), (111, 241), (104, 237), (94, 228), (87, 228), (80, 225)]
1612 : bus : [(488, 249), (448, 239), (401, 227), (369, 219), (340, 212), (306, 205), (282, 199), (263, 195), (237, 189)]
1613 : car : [(825, 384), (745, 358), (688, 341), (569, 307), (525, 291), (482, 277), (430, 263), (398, 256), (361, 246), (324, 236), (304, 229), (280, 221), (252, 211), (232, 208), (213, 206), (193, 201), (180, 199), (165, 196), (153, 191)]
1614 : car : [(878, 328), (824, 312), (759, 293), (712, 279), (660, 269), (599, 253), (559, 242), (521, 234), (472, 223), (439, 215), (407, 209), (372, 201), (342, 197), (319, 191), (291, 188), (270, 186), (252, 182), (231, 178), (216, 176), (201, 173), (184, 172), (174, 168)]
1616 : car : [(856, 347), (787, 328), (727, 309), (652, 289), (598, 274), (548, 263), (484, 248), (446, 239), (409, 230), (368, 218), (333, 214), (308, 208), (275, 202), (257, 198), (233, 193), (213, 190), (195, 184), (180, 182)]
1615 : tw : [(733, 457), (669, 436), (587, 409), (529, 389), (479, 370), (418, 349), (379, 334), (341, 317), (300, 301), (276, 291), (251, 283), (223, 269), (203, 264), (186, 255), (167, 248), (152, 242), (141, 238), (126, 230), (115, 226), (106, 222), (95, 216), (162, 178)]
1617 : tw : [(581, 291), (526, 277), (464, 263), (423, 252), (385, 242), (340, 231), (312, 224), (286, 216), (254, 209), (233, 206), (216, 201), (193, 194), (179, 190), (165, 186)]
1618 : car : [(867, 343), (802, 315), (735, 289), (660, 282), (606, 266), (539, 249), (492, 241), (452, 231), (400, 221), (366, 213), (337, 211), (304, 198), (280, 195), (261, 190), (234, 186), (214, 183), (199, 179), (181, 175), (167, 172)]
1619 : tractr : [(716, 427), (656, 411), (610, 386), (563, 378), (516, 361), (481, 342), (461, 335), (408, 320), (386, 313), (356, 295), (315, 291), (300, 279), (274, 276), (251, 267), (235, 263), (224, 256), (207, 251), (196, 247), (184, 243), (163, 235), (156, 232), (147, 228), (135, 225), (128, 222), (120, 219), (111, 211), (104, 211)]
1620 : tw : [(862, 353), (809, 336), (753, 321), (681, 302), (629, 290), (576, 278), (517, 265), (477, 256), (438, 247), (391, 237), (363, 228), (332, 221), (300, 213), (277, 208), (257, 204), (233, 200), (217, 194), (201, 190), (183, 187), (172, 185), (160, 182)]
1621 : auto : [(746, 418), (688, 398), (636, 378), (567, 354), (524, 338), (480, 323), (428, 306), (392, 293), (363, 288), (327, 271), (302, 268), (277, 256), (252, 248), (233, 242), (217, 236), (196, 228), (184, 226), (168, 219), (155, 215), (144, 211), (136, 208), (123, 204)]
1622 : auto : [(747, 460), (701, 451), (660, 440), (614, 425), (582, 414), (548, 397), (510, 384), (480, 373), (455, 360), (421, 347), (398, 336), (372, 332), (346, 319), (326, 312), (311, 306), (286, 296), (274, 291), (257, 290), (240, 279), (228, 273), (218, 271), (205, 263), (192, 259), (184, 255), (174, 249), (165, 248), (157, 240), (146, 239), (139, 237), (132, 235), (125, 229), (116, 227), (115, 225), (106, 223), (101, 219), (98, 218), (90, 215)]
1623 : tw : [(685, 422), (621, 404), (562, 383), (490, 358), (444, 341), (401, 326), (353, 311), (320, 297), (292, 288), (259, 273), (237, 266), (217, 258), (195, 248), (179, 242), (164, 236), (148, 230), (135, 226), (125, 221), (113, 216), (104, 212)]
1624 : tw : [(595, 484), (530, 458), (485, 438), (440, 423), (390, 401), (357, 387), (324, 374), (290, 357), (264, 344), (241, 334), (215, 321), (198, 311), (182, 303), (162, 292), (149, 284), (137, 278), (124, 271), (114, 265), (105, 261), (95, 253), (87, 250), (80, 246), (71, 241), (64, 237), (60, 232)]
1625 : tw : [(828, 364), (768, 345), (707, 329), (630, 309), (576, 296), (527, 285), (466, 270), (428, 259), (391, 250), (345, 239), (316, 231), (290, 225), (259, 217), (239, 212), (220, 208), (197, 201), (182, 198), (168, 194), (152, 189)]
1626 : tw : [(817, 338), (729, 319), (666, 306), (604, 288), (527, 272), (476, 262), (430, 253), (374, 240), (338, 231), (305, 223), (266, 215), (242, 211), (220, 208), (194, 201), (176, 198), (160, 194)]
1627 : 2t : [(651, 290), (615, 281), (570, 269), (537, 261), (508, 254), (467, 245), (440, 239), (416, 232), (385, 226), (362, 220), (342, 215), (318, 210), (300, 206), (284, 203), (265, 198), (251, 196), (238, 193), (222, 189), (210, 187), (200, 186), (188, 181), (177, 179), (169, 178), (157, 175), (150, 174), (143, 172), (133, 170), (126, 169)]
1629 : auto : [(841, 340), (807, 327), (759, 312), (723, 304), (685, 291), (643, 280), (615, 272), (582, 264), (542, 256), (514, 248), (491, 243), (462, 236), (438, 230), (417, 224), (391, 218), (373, 214), (355, 213), (334, 204)]
1630 : tw : [(837, 350), (779, 331), (738, 318), (695, 308), (640, 291), (601, 283), (562, 273), (519, 260), (488, 254), (459, 244), (423, 237), (399, 230), (376, 224), (348, 215), (328, 212), (310, 208), (289, 201), (273, 197), (258, 193), (242, 189), (230, 187), (218, 185), (205, 182), (196, 179), (184, 177), (175, 173), (164, 171)]
1628 : 4t : [(394, 374), (371, 364), (353, 357), (339, 351), (320, 342), (305, 337), (291, 330), (275, 322), (262, 318), (251, 312), (237, 306), (227, 302), (217, 297), (206, 291), (196, 286), (188, 283), (178, 277), (171, 275), (162, 271), (155, 266), (148, 263), (142, 259), (134, 255), (127, 253), (122, 251), (115, 247), (111, 244), (106, 243), (100, 239), (96, 237), (90, 236), (82, 231), (81, 229), (77, 228), (69, 224), (67, 223), (45, 211)]
1631 : tw : [(767, 386), (718, 373), (670, 357), (609, 342), (566, 331), (525, 320), (476, 308), (442, 300), (410, 291), (371, 280), (345, 273), (320, 266), (293, 258), (271, 253), (252, 245), (231, 239), (215, 236), (201, 231), (183, 226), (171, 222), (159, 219), (146, 215), (135, 212), (127, 210), (116, 207)]
1632 : car : [(861, 328), (776, 306), (718, 286), (665, 270), (592, 252), (542, 239), (497, 232), (442, 219), (406, 210), (374, 204), (334, 197), (307, 193), (283, 187), (253, 184), (233, 181), (215, 178), (195, 174), (180, 171), (168, 169)]
1634 : tw : [(811, 399), (751, 380), (687, 362), (611, 338), (557, 325), (506, 310), (447, 297), (407, 286), (373, 275), (331, 262), (299, 252), (275, 244), (246, 236), (226, 230), (207, 225), (185, 218), (170, 215), (157, 211), (140, 205), (128, 202)]
1633 : tw : [(612, 488), (568, 470), (525, 453), (476, 438), (439, 420), (405, 406), (368, 391), (340, 381), (312, 368), (282, 354), (261, 344), (243, 336), (218, 324), (203, 317), (190, 309), (172, 299), (160, 294), (149, 287), (136, 280), (126, 275), (117, 271), (106, 266), (98, 261), (90, 256), (82, 251), (77, 249), (71, 246), (63, 242), (61, 239), (56, 235)]
1635 : tw : [(837, 381), (784, 365), (716, 348), (666, 335), (615, 325), (555, 308), (512, 296), (471, 288), (423, 273), (391, 265), (362, 257), (325, 249), (301, 241), (279, 236), (251, 230), (233, 224), (217, 221), (198, 215), (183, 212), (169, 207), (154, 203), (145, 203), (134, 200)]
1636 : tw : [(835, 305), (781, 292), (726, 279), (654, 262), (604, 253), (556, 243), (502, 231), (462, 224), (426, 215), (383, 208), (353, 202), (326, 198), (293, 191), (272, 188), (253, 185), (229, 180), (212, 176), (198, 174), (180, 171), (167, 170)]
1638 : car : [(883, 330), (828, 316), (778, 300), (713, 280), (664, 268), (619, 256), (557, 243), (522, 235), (482, 228), (439, 218), (409, 213), (377, 206), (341, 199), (318, 196), (298, 193)]
1637 : 4t : [(382, 365), (362, 357), (342, 350), (320, 340), (302, 333), (286, 325), (266, 317), (252, 310), (240, 305), (224, 296), (213, 293), (204, 288), (189, 282), (180, 277), (172, 273), (161, 268), (153, 264), (146, 260), (136, 256), (129, 253), (124, 249), (116, 246), (110, 243), (105, 240), (99, 237), (94, 235), (89, 234), (84, 228), (80, 228), (70, 222)]
1639 : tw : [(843, 385), (792, 368), (727, 348), (681, 332), (637, 320), (578, 303), (540, 291), (502, 285), (458, 269), (427, 262), (400, 255), (365, 244), (342, 237), (320, 229), (296, 220), (277, 216), (262, 212), (241, 206), (229, 203), (216, 199), (201, 195), (190, 192), (180, 189), (167, 186), (160, 185), (153, 182)]
1640 : car : [(809, 329), (726, 305), (665, 288), (610, 274), (537, 255), (495, 244), (451, 234), (398, 224), (364, 217), (334, 209), (299, 203), (272, 199), (251, 193), (224, 189), (207, 185), (190, 182), (170, 180), (158, 176)]
1642 : 4t : [(569, 271), (525, 261), (484, 249)]
1643 : 3t : [(337, 217), (308, 209)]
1644 : tractr : [(705, 435), (633, 409), (589, 395), (555, 379), (497, 357), (462, 342), (430, 329)]
1646 : 5t : []
1641 : auto : [(717, 471), (660, 449), (597, 416), (550, 407), (506, 387), (454, 371), (422, 358), (388, 347), (351, 325), (324, 316), (301, 307), (269, 294), (248, 285), (233, 279), (211, 268), (197, 263), (182, 257), (168, 253), (156, 246), (145, 240), (134, 237), (125, 231), (117, 229), (107, 223), (101, 220), (94, 217)]
1645 : auto : [(689, 430), (630, 411), (592, 401), (536, 383), (495, 363), (450, 350), (420, 334), (382, 320), (357, 309), (330, 300), (294, 290), (280, 281), (260, 272), (235, 264), (222, 258), (206, 252), (190, 245), (178, 242), (166, 240), (154, 232), (145, 227), (138, 220), (130, 216), (123, 214)]
1647 : auto : [(143, 229), (132, 225), (123, 221), (114, 217), (115, 213), (107, 211)]
1649 : tw : [(823, 358), (739, 337), (675, 321), (612, 306), (537, 290), (486, 281), (440, 269), (382, 258), (343, 246), (310, 238), (270, 229), (244, 223), (221, 221), (194, 209), (176, 205), (160, 204)]
1653 : tw : [(716, 437)]
1648 : tw : [(697, 459), (610, 432), (550, 411), (496, 391), (431, 367), (389, 352), (353, 333), (307, 317), (280, 306), (254, 294), (225, 282), (207, 273), (189, 264), (169, 256), (156, 249), (143, 243), (129, 237), (125, 235), (114, 230), (100, 227), (92, 220), (85, 218)]
1651 : auto : [(644, 281), (580, 265), (537, 257), (494, 247), (447, 239), (411, 231), (382, 224), (345, 218), (320, 212), (296, 207), (269, 203), (249, 198), (232, 194), (210, 191), (197, 186), (182, 183), (165, 181), (154, 179)]
1652 : tw : [(705, 479), (635, 457), (540, 437), (486, 419), (454, 394), (458, 357), (414, 335), (377, 324), (345, 316), (318, 304), (288, 294), (264, 284), (246, 276), (224, 268), (206, 261), (191, 256), (173, 247), (159, 242), (149, 237), (136, 234), (125, 228), (116, 227), (106, 220)]
1650 : tw : [(860, 340), (809, 322), (742, 305), (691, 291), (599, 411), (550, 393), (496, 380), (472, 371), (355, 367), (308, 350), (277, 337), (258, 323), (227, 311), (210, 300), (189, 291), (169, 278), (157, 273), (144, 268), (128, 258), (118, 253), (107, 248), (96, 242), (87, 238), (81, 234), (71, 230), (98, 217), (91, 214)]
1655 : car : [(815, 309), (764, 295), (700, 276), (652, 266), (605, 254), (547, 243), (509, 234), (475, 226), (428, 215), (397, 209), (373, 205)]
1654 : 3t : [(375, 319), (342, 307), (306, 293), (282, 284), (259, 275), (232, 265), (214, 258), (198, 252), (178, 244), (166, 240), (151, 234), (137, 228)]
1656 : tw : [(732, 468), (676, 450), (602, 421), (553, 406), (507, 387), (450, 368), (412, 355), (378, 340), (340, 326), (312, 316), (290, 303), (260, 291), (240, 284), (224, 276), (204, 267), (189, 260), (177, 255), (162, 246), (151, 241), (142, 237), (129, 230), (122, 227), (114, 224), (105, 218), (99, 216), (94, 213)]
1657 : tw : [(668, 474), (611, 457), (545, 433), (494, 416), (453, 394), (401, 372), (364, 362), (333, 349), (296, 331), (269, 321), (245, 311), (221, 299), (202, 290), (186, 283), (167, 272), (154, 265), (143, 261), (128, 254), (118, 250), (109, 244), (99, 236), (90, 235), (84, 231), (76, 226)]
1658 : tw : [(697, 458), (620, 432), (566, 411), (518, 392), (459, 368), (421, 355), (383, 343), (342, 327), (314, 316), (288, 304), (258, 292), (238, 284), (219, 276), (199, 266), (183, 260), (169, 254), (153, 246), (141, 241), (131, 237), (119, 232), (111, 228), (103, 225), (94, 219), (87, 216)]
1660 : car : [(710, 411), (617, 380), (552, 356), (491, 335), (424, 311), (382, 296), (343, 284), (299, 269), (270, 259), (242, 250), (211, 240), (191, 233), (171, 226), (150, 220), (136, 214), (124, 211)]
1659 : 3t : [(689, 296), (639, 284), (593, 272), (536, 258), (496, 250), (460, 241), (415, 231), (385, 224), (357, 218), (324, 211), (301, 205), (280, 201), (255, 195), (237, 191), (221, 187)]
1661 : auto : [(755, 449), (680, 418), (628, 403), (585, 388), (528, 366), (491, 349), (451, 335), (407, 319), (378, 309), (351, 300), (314, 288), (291, 279), (271, 269), (247, 261), (230, 256), (214, 250), (198, 241), (183, 239), (172, 235), (156, 229), (146, 225), (139, 222), (125, 217), (117, 213), (110, 211)]
1662 : tw : [(754, 402), (662, 378), (598, 360), (539, 347), (468, 324), (418, 312), (376, 298), (327, 282), (292, 273), (263, 264), (231, 254), (210, 245), (189, 240), (166, 231), (150, 225), (136, 221), (121, 216), (109, 212)]
1663 : car : [(855, 323), (781, 301), (726, 289), (674, 274), (605, 256), (558, 246), (512, 237), (462, 224), (425, 217), (394, 210), (353, 203), (323, 199), (300, 194), (271, 188), (248, 186), (232, 182), (210, 178), (195, 176), (182, 172), (165, 170)]
1664 : tw : [(602, 481), (529, 456), (462, 430), (384, 397), (336, 376), (295, 357), (247, 334), (219, 322), (192, 310), (163, 292), (145, 281), (129, 273), (110, 261), (98, 254), (87, 250), (74, 242), (65, 236), (59, 232)]
1665 : tw : [(709, 466), (654, 450), (581, 426), (533, 409), (488, 392), (431, 372), (394, 360), (362, 348), (317, 334), (292, 323), (269, 312), (238, 299), (219, 291), (202, 283), (180, 276), (166, 269), (153, 264), (136, 255), (126, 253), (117, 249), (103, 242), (95, 237), (87, 235), (77, 230), (72, 228), (66, 226)]
1666 : car : [(855, 333), (787, 314), (733, 298), (682, 286), (624, 268), (578, 258), (535, 249), (487, 238), (455, 230), (424, 222), (382, 214), (355, 209), (328, 204), (301, 199), (278, 196), (260, 192), (238, 188), (221, 187), (206, 183), (187, 180), (175, 177), (164, 175)]
1667 : car : [(742, 409), (632, 372), (563, 345), (494, 322), (419, 297), (370, 280), (330, 265), (281, 249), (252, 240), (225, 232), (194, 222), (174, 214), (156, 209), (134, 203), (122, 199)]
1668 : car : [(863, 334), (797, 316), (755, 300), (710, 287), (650, 273), (606, 263), (565, 254), (514, 241), (481, 234), (451, 227), (413, 218), (385, 213), (360, 207), (329, 202), (312, 199), (289, 195), (265, 190), (249, 187), (234, 185), (214, 182), (202, 178), (191, 177), (175, 173), (165, 172)]
1669 : car : [(825, 328), (756, 307), (705, 294), (660, 280), (596, 265), (556, 256), (516, 246), (467, 235), (436, 228), (402, 220), (361, 213), (335, 208), (316, 203), (285, 199), (265, 195), (249, 190), (222, 187), (206, 185), (191, 182), (173, 178), (160, 176)]
1670 : car : [(761, 397), (665, 366), (609, 348), (548, 330), (474, 307), (430, 294), (388, 282), (336, 266), (306, 258), (274, 247), (240, 240), (217, 234), (196, 228), (173, 222), (155, 216), (140, 212), (125, 207)]
1671 : lgv : [(496, 369), (449, 353), (389, 331), (352, 318), (319, 305), (281, 291), (256, 280), (232, 271), (207, 260), (189, 253), (171, 246), (153, 239), (140, 233), (127, 228)]
1672 : ml : [(121, 205)]
1673 : car : [(832, 345), (784, 329), (735, 318), (678, 300), (632, 287), (587, 279), (535, 269), (500, 258), (467, 251), (422, 240), (392, 234), (367, 226), (334, 219), (310, 214), (288, 209), (264, 206), (248, 204), (232, 198), (210, 195), (196, 193), (183, 190), (169, 186), (157, 184)]
1674 : tw : [(820, 302), (760, 286), (702, 271), (627, 256), (573, 244), (524, 234), (468, 222), (427, 214), (393, 208), (348, 198), (320, 194), (294, 188), (265, 184), (243, 180), (225, 176), (204, 173), (189, 170), (176, 167)]
1675 : 3t : [(616, 280), (548, 263), (501, 252), (457, 242), (406, 231), (371, 223), (338, 215), (302, 207), (276, 201), (255, 198), (227, 192), (211, 188), (193, 185), (174, 180), (161, 178)]
1676 : 3t : [(416, 394), (393, 384), (375, 377), (359, 369), (338, 358), (324, 354), (309, 346), (292, 338), (278, 331), (267, 325), (251, 318), (241, 314), (231, 308), (216, 302), (207, 297), (199, 294), (188, 288), (180, 283), (171, 279), (161, 274), (155, 271), (149, 268), (142, 263), (134, 259), (129, 256), (99, 244), (117, 251), (112, 247), (107, 246), (101, 242), (96, 239), (92, 237), (84, 233), (67, 223)]
1677 : 3t : [(727, 306), (688, 295), (638, 282), (600, 272), (567, 264), (524, 254), (494, 248), (466, 240), (429, 233), (405, 226), (382, 222), (352, 215), (333, 210), (315, 207), (291, 202), (275, 198), (259, 195), (241, 192), (229, 189), (217, 187), (203, 184), (193, 181), (182, 180), (170, 178)]
1678 : tw : [(735, 359), (675, 341), (621, 327), (553, 307), (504, 295), (463, 286), (411, 270), (378, 260), (345, 250), (310, 240), (286, 233), (263, 228), (238, 221), (220, 216), (205, 211), (187, 205), (174, 200), (164, 198), (149, 194)]
1679 : car : [(862, 323), (799, 303), (747, 292), (705, 277), (645, 263), (601, 252), (563, 244), (513, 233), (478, 226), (447, 221), (406, 210), (377, 206), (355, 200), (317, 197), (295, 190), (275, 185), (245, 182), (241, 177)]
1680 : ml : [(795, 392), (720, 367), (641, 341), (561, 320), (503, 302), (455, 288), (394, 270), (352, 259), (314, 251), (269, 241), (246, 233), (221, 227), (193, 221), (177, 216), (163, 210), (141, 202), (131, 201)]
1681 : 2t : [(723, 314), (677, 304), (616, 287), (575, 278), (533, 267), (485, 256), (451, 248), (420, 240), (382, 231), (357, 225), (332, 218), (303, 212), (285, 207), (267, 204), (243, 197), (228, 195), (214, 191), (197, 187), (186, 184), (174, 182), (161, 179), (142, 174), (131, 172)]
1682 : tw : [(791, 344), (733, 328), (676, 315), (604, 299), (555, 288), (505, 282), (449, 268), (410, 261), (373, 252), (330, 243), (302, 235), (276, 229), (243, 223), (225, 218), (207, 214), (183, 209), (168, 206), (154, 202), (139, 198), (128, 196)]
1683 : tw : [(774, 408), (726, 394), (662, 379), (616, 365), (571, 354), (515, 340), (479, 328), (442, 319), (397, 305), (365, 296), (340, 287), (306, 279), (285, 273), (263, 266), (238, 259), (223, 252), (206, 248), (187, 242), (173, 237), (162, 233), (147, 230), (136, 225), (127, 221), (116, 217), (108, 213), (101, 211)]
1684 : 3t : [(465, 397), (436, 385), (420, 379), (403, 372), (380, 362), (365, 355), (350, 350), (332, 340), (319, 335), (305, 330), (288, 323), (276, 316), (265, 311), (251, 305), (242, 301), (232, 296), (221, 291), (212, 286), (204, 282), (193, 277), (186, 274), (179, 269), (170, 266), (164, 261), (157, 259), (150, 254), (143, 252), (138, 249), (131, 245), (126, 243), (122, 241), (111, 235)]
1685 : lgv : [(433, 397), (420, 390), (400, 382), (388, 376), (374, 369), (359, 362), (345, 356), (335, 352), (320, 345), (310, 340), (299, 336), (287, 330), (277, 325), (270, 321), (259, 315), (251, 312), (243, 307), (234, 303), (226, 300), (218, 296), (211, 290), (204, 287), (197, 285), (189, 280), (183, 276), (177, 274), (170, 270), (164, 268), (160, 266), (153, 260), (148, 259), (143, 256), (135, 255), (132, 251), (128, 248), (122, 246), (119, 243), (115, 241), (111, 238), (107, 237), (103, 234)]
1686 : tw : [(773, 397), (725, 383), (666, 365), (623, 353), (583, 338), (532, 325), (498, 315), (461, 305), (420, 293), (391, 286), (364, 278), (334, 270), (309, 263), (288, 257), (263, 251), (244, 244), (228, 239), (209, 234), (195, 230), (181, 226), (165, 221), (153, 218), (144, 215), (130, 212), (123, 209), (115, 206)]
1687 : car : [(839, 340), (761, 320), (700, 304), (645, 291), (580, 274), (533, 264), (485, 251), (434, 239), (398, 232), (367, 225), (323, 217), (299, 210), (276, 207), (249, 201), (227, 197), (212, 194), (192, 190), (177, 188), (161, 184)]
1688 : tw : [(701, 457), (643, 436), (566, 411), (515, 392), (467, 377), (412, 355), (378, 343), (343, 329), (305, 314), (282, 301), (256, 293), (229, 280), (212, 274), (196, 265), (175, 256), (163, 250), (150, 246), (135, 238), (126, 234), (117, 230), (105, 226), (98, 220), (90, 218)]
1689 : 5t : [(762, 326), (722, 314), (680, 305), (628, 291), (593, 282), (558, 272), (514, 262), (484, 255), (454, 247), (418, 238), (393, 232), (372, 228), (343, 221), (322, 216), (305, 212), (282, 207), (266, 203), (252, 199), (233, 196), (220, 194), (209, 191), (195, 188), (185, 186)]
1690 : auto : [(692, 454), (608, 420), (549, 401), (501, 381), (435, 354), (395, 340), (363, 325), (313, 307), (291, 297), (265, 285), (235, 273), (218, 266), (198, 258), (176, 249), (163, 245), (149, 236), (133, 231), (124, 225), (115, 220), (102, 219), (95, 215)]
1691 : tw : [(813, 347), (752, 331), (675, 314), (618, 301), (564, 288), (501, 273), (457, 264), (417, 256), (370, 245), (336, 238), (307, 229), (274, 221), (251, 217), (230, 210), (205, 205), (188, 202), (174, 198), (155, 193), (143, 191)]
1692 : 3t : [(490, 364), (434, 344), (394, 329), (361, 317), (319, 301), (292, 291), (268, 280), (239, 268), (221, 262), (202, 254), (181, 246), (167, 238), (155, 234), (139, 228), (129, 222), (120, 219), (90, 207), (78, 202)]
1693 : tw : [(792, 326), (740, 314), (689, 300), (624, 285), (576, 273), (536, 263), (485, 253), (449, 242), (418, 235), (377, 227), (352, 219), (328, 212), (299, 206), (279, 201), (262, 198), (239, 192), (225, 189), (211, 186), (195, 182), (184, 179), (174, 177), (161, 174)]
1694 : 4t : [(672, 315), (626, 305), (582, 292), (526, 278), (488, 268), (453, 259), (412, 248), (382, 240), (355, 233), (322, 223), (300, 219), (280, 213), (255, 206), (239, 201), (223, 198), (205, 194), (192, 191), (180, 188), (138, 178)]
1695 : car : [(843, 382), (757, 353), (675, 329), (572, 302), (505, 285), (445, 269), (377, 252), (335, 239), (296, 230), (251, 220), (198, 206), (168, 199), (150, 195)]
1696 : car : [(748, 409), (686, 389), (622, 366), (550, 342), (498, 326), (457, 309), (405, 292), (365, 280), (333, 268), (295, 257), (268, 250), (247, 242), (222, 234), (204, 228), (185, 223), (167, 217), (153, 213), (139, 209), (125, 204)]
1697 : car : [(795, 412), (712, 384), (647, 366), (560, 337), (503, 319), (451, 302), (388, 281), (349, 272), (314, 260), (276, 250), (251, 238), (225, 232), (201, 222), (181, 219), (164, 213), (144, 207), (135, 204), (124, 200)]
1698 : car : [(836, 327), (771, 309), (718, 294), (671, 279), (606, 267), (561, 254), (519, 246), (469, 235), (435, 225), (405, 217), (365, 210), (338, 206), (314, 200), (285, 194), (266, 191), (247, 187), (226, 184), (210, 182), (197, 178), (180, 175), (168, 172)]
1699 : auto : [(697, 451), (635, 430), (579, 410), (517, 391), (466, 372), (424, 354), (374, 330), (340, 316), (309, 306), (277, 290), (254, 278), (233, 272), (211, 262), (191, 256), (178, 250), (160, 242), (147, 235), (136, 230), (124, 229), (115, 222), (105, 218), (95, 213)]
1700 : tw : [(780, 376), (718, 359), (659, 341), (583, 321), (530, 305), (486, 294), (430, 275), (394, 265), (361, 257), (320, 245), (294, 237), (270, 230), (243, 223), (224, 217), (208, 213), (186, 206), (173, 202), (160, 199), (146, 193)]
1701 : tw : [(703, 434), (648, 414), (593, 396), (525, 371), (482, 357), (441, 346), (391, 329), (359, 316), (329, 302), (296, 290), (272, 282), (252, 271), (227, 264), (210, 256), (196, 250), (177, 241), (164, 237), (153, 232), (139, 227), (129, 221), (122, 218), (111, 214), (104, 211)]
1702 : tw : [(741, 443), (655, 417), (601, 398), (545, 382), (483, 358), (439, 343), (400, 331), (355, 315), (324, 303), (297, 292), (263, 280), (241, 271), (222, 264), (199, 254), (183, 247), (169, 242), (152, 235), (142, 230), (130, 226), (118, 220), (108, 217), (101, 212)]
1703 : tw : [(745, 450), (679, 430), (601, 405), (544, 388), (495, 369), (436, 349), (396, 334), (360, 321), (317, 305), (290, 296), (266, 285), (236, 274), (217, 266), (199, 259), (179, 248), (164, 244), (152, 239), (136, 234), (127, 229), (116, 225), (105, 219), (97, 215)]
1704 : tw : [(785, 403), (729, 387), (658, 365), (607, 352), (558, 336), (499, 319), (457, 306), (421, 297), (379, 283), (349, 273), (320, 267), (289, 256), (266, 249), (247, 242), (225, 235), (209, 230), (194, 226), (176, 220), (163, 215), (153, 213), (140, 207), (130, 204), (121, 201)]
1705 : car : [(865, 336), (798, 315), (735, 298), (648, 280), (595, 264), (540, 251), (476, 235), (430, 226), (391, 217), (343, 208), (314, 203), (289, 196), (255, 189), (235, 185), (213, 182), (191, 180), (177, 177), (161, 174)]
1706 : tw : [(764, 435), (691, 415), (603, 383), (540, 362), (485, 346), (421, 324), (378, 309), (341, 297), (296, 283), (270, 272), (244, 262), (216, 251), (197, 243), (180, 236), (160, 229), (146, 225), (134, 218), (119, 212), (110, 210)]
1707 : tw : [(745, 434), (675, 410), (589, 384), (527, 360), (476, 346), (413, 322), (368, 307), (335, 296), (291, 280), (265, 271), (240, 261), (213, 250), (194, 243), (178, 236), (158, 229), (144, 224), (132, 218), (118, 212), (109, 210)]
1708 : auto : [(679, 460), (616, 440), (577, 423), (531, 410), (484, 389), (449, 372), (417, 359), (376, 342), (346, 330), (328, 320), (298, 307), (280, 297), (260, 290), (240, 284), (225, 273), (211, 270), (195, 263), (183, 258), (173, 252), (158, 246), (148, 241), (141, 237), (129, 234), (123, 229), (115, 226), (105, 222), (100, 220), (95, 215)]
1709 : ml : [(729, 414), (685, 392), (634, 377), (583, 361), (537, 343), (499, 330), (458, 317), (424, 304), (395, 294), (363, 282), (337, 275), (314, 266), (290, 260), (268, 254), (252, 249), (235, 242), (220, 236), (203, 231), (191, 225), (180, 222), (170, 217), (158, 214), (150, 213), (140, 210), (132, 207), (123, 202), (116, 202)]
1710 : tw : [(839, 380), (753, 350), (694, 333), (635, 318), (563, 297), (514, 285), (470, 272), (419, 258), (383, 250), (351, 239), (315, 228), (290, 221), (268, 215), (242, 210), (225, 203), (209, 199), (190, 193), (176, 190), (164, 187), (151, 184)]
1711 : tw : [(784, 422), (697, 396), (630, 376), (572, 359), (497, 335), (451, 321), (405, 305), (358, 290), (326, 279), (297, 270), (262, 257), (240, 249), (219, 241), (197, 232), (180, 228), (165, 223), (147, 216), (135, 213), (125, 208)]
1712 : tw : [(700, 401), (625, 378), (560, 359), (482, 336), (428, 318), (378, 303), (328, 283), (293, 270), (264, 263), (231, 250), (209, 243), (190, 235), (168, 227), (152, 222), (138, 217), (123, 211), (113, 207)]
1713 : 3t : [(712, 309), (665, 297), (605, 281), (562, 272), (521, 262), (472, 251), (438, 241), (406, 233), (370, 225), (344, 218), (321, 213), (293, 207), (274, 202), (255, 198), (234, 194), (219, 189), (206, 187), (189, 183), (177, 181), (165, 179), (153, 175)]
1715 : car : [(735, 438), (676, 418), (590, 387), (540, 364), (487, 345), (429, 323), (388, 312), (353, 297), (312, 280), (285, 273), (261, 262), (232, 252), (209, 245), (192, 238), (172, 231), (158, 227), (144, 223), (131, 218), (121, 213), (109, 209)]
1714 : 3t : [(662, 296), (621, 286), (578, 277), (527, 265), (493, 256), (458, 247), (418, 236), (390, 228), (208, 191)]
1716 : auto : [(847, 381), (790, 370), (720, 350), (673, 334), (625, 318), (567, 303), (521, 292), (482, 283), (428, 273), (399, 262), (367, 257), (333, 244), (307, 238), (285, 233), (257, 226), (239, 222), (221, 218), (201, 211), (187, 209), (172, 205), (156, 200), (147, 198), (136, 195)]
1717 : car : [(785, 383), (707, 358), (659, 344), (610, 329), (547, 310), (508, 299), (466, 287), (420, 272), (387, 264), (359, 254), (324, 245), (301, 240), (279, 233), (254, 226), (234, 223), (216, 217), (197, 211), (183, 207), (172, 205), (155, 199), (145, 197), (135, 196)]
1718 : 5t : [(715, 306), (658, 291), (616, 281), (577, 270), (526, 259), (493, 251), (460, 243), (424, 234), (395, 228), (369, 223), (338, 216), (319, 211), (297, 206), (274, 200), (256, 196), (242, 195), (223, 189), (210, 187), (200, 184), (183, 182), (173, 179)]
1719 : car : [(788, 354), (732, 337), (674, 320), (602, 302), (547, 291), (501, 280), (444, 265), (406, 257), (365, 247), (325, 239), (295, 232), (267, 225), (236, 220), (212, 214), (193, 210), (172, 206), (154, 203), (138, 199)]
1720 : auto : [(832, 368), (787, 356), (730, 341), (686, 329), (638, 316), (583, 303), (550, 295), (512, 283), (467, 273), (437, 267), (408, 259), (323, 239), (296, 234), (277, 230), (260, 225), (238, 218), (223, 215), (209, 212), (190, 208), (179, 205), (170, 202), (154, 198), (145, 196), (136, 194)]
1721 : lgv : [(431, 413), (408, 403), (389, 393), (362, 381), (341, 371), (324, 363), (302, 352), (285, 343), (271, 336), (254, 327), (241, 320), (228, 315), (213, 306), (204, 301), (194, 295), (181, 288), (172, 283), (164, 280), (153, 272), (146, 268), (140, 265), (130, 259), (123, 257), (118, 252), (112, 248), (105, 245), (99, 241), (93, 238), (88, 234), (79, 229), (66, 222)]
1722 : tw : [(795, 374), (745, 357), (696, 343), (634, 323), (592, 309), (550, 298), (500, 285), (466, 274), (436, 264), (397, 251), (371, 244), (348, 237), (319, 228), (300, 222), (283, 217), (260, 211), (244, 209), (230, 204), (214, 200), (203, 195), (190, 192), (177, 190), (166, 186), (158, 185)]
1723 : auto : [(810, 397), (758, 380), (706, 360), (638, 336), (585, 320), (547, 310), (495, 293), (454, 278), (423, 272), (384, 256), (357, 252), (334, 240), (304, 232), (286, 226), (266, 219), (243, 214), (232, 209), (217, 205), (202, 199), (189, 197), (177, 194), (165, 189), (156, 187), (150, 185)]
1724 : tw : [(707, 447), (655, 427), (590, 406), (542, 390), (500, 374), (450, 356), (413, 344), (382, 332), (340, 316), (313, 309), (290, 299), (262, 287), (241, 281), (225, 272), (205, 264), (189, 257), (177, 252), (160, 245), (149, 240), (138, 236), (127, 232), (118, 227), (110, 224), (101, 219), (95, 217)]
1725 : tw : [(544, 478), (504, 461), (467, 446), (422, 428), (394, 410), (365, 399), (331, 382), (307, 370), (288, 359), (263, 346), (245, 336), (231, 328), (212, 317), (201, 311), (187, 303), (174, 295), (162, 288), (155, 284), (143, 277), (135, 271), (128, 266), (119, 262), (111, 258), (106, 255), (98, 251), (91, 247), (86, 244), (80, 240), (75, 237), (71, 235)]
1726 : ml : [(822, 317), (754, 300), (680, 282)]
1728 : ml : [(449, 226), (417, 219)]
1727 : ml : [(675, 282), (623, 264), (567, 250), (501, 236), (455, 228), (368, 209), (337, 203), (311, 198), (275, 190), (255, 187), (234, 183), (208, 179), (195, 176), (183, 172)]
1729 : tw : [(677, 473), (611, 452), (568, 433), (525, 418), (475, 400), (439, 385), (407, 373), (366, 358), (336, 347), (312, 337), (282, 324), (262, 315), (244, 304), (222, 298), (207, 290), (192, 283), (175, 275), (164, 270), (153, 265), (140, 257), (131, 254), (123, 248), (112, 243), (105, 239), (99, 236), (90, 231), (84, 228), (78, 226)]
1731 : tw : [(830, 342), (772, 326), (732, 312), (688, 299), (632, 286), (595, 276), (561, 268), (513, 256), (481, 247), (455, 241), (419, 233), (393, 228), (370, 220), (341, 213), (322, 209), (281, 198), (264, 195)]
1730 : 5t : [(618, 399), (574, 384), (532, 369), (480, 353), (447, 340), (413, 329), (373, 314), (347, 305), (322, 296), (293, 284), (273, 277), (254, 270), (232, 263), (218, 256), (203, 251), (185, 243), (173, 239), (161, 235), (147, 229)]
1732 : tw : [(672, 465), (604, 441), (541, 419), (465, 397), (416, 377), (368, 359), (314, 336), (281, 324), (250, 311), (214, 296), (191, 288), (171, 278), (147, 268), (132, 262), (116, 255), (100, 247), (88, 242), (79, 238)]
1733 : car : [(826, 311), (778, 295), (730, 287), (670, 269), (630, 261), (586, 252), (536, 240), (503, 233), (473, 225), (432, 217), (406, 211), (377, 205), (349, 201), (324, 196), (308, 193), (284, 189), (267, 187), (249, 183), (230, 179), (216, 177), (207, 174), (191, 172), (180, 170), (170, 169)]
1734 : 2t : [(642, 283), (602, 275), (563, 265), (517, 254), (484, 247), (453, 240), (416, 230), (389, 224), (365, 219), (336, 212), (315, 207), (297, 204), (274, 199), (258, 196), (243, 192), (225, 188), (214, 186), (201, 182), (187, 180), (176, 178), (167, 176), (156, 172)]
1735 : car : [(685, 442), (625, 418), (546, 393), (495, 370), (444, 349), (394, 329), (359, 316), (328, 303), (289, 288), (267, 277), (243, 271), (217, 261), (200, 252), (186, 247), (165, 238), (151, 235), (142, 230), (128, 224), (119, 221), (109, 218), (98, 213)]
1736 : 2t : [(692, 289), (652, 280), (613, 271), (564, 259), (529, 251), (496, 244), (457, 236), (429, 230), (402, 224), (371, 216), (348, 212), (329, 207), (303, 202), (284, 197), (269, 194), (248, 190), (235, 188), (222, 185), (206, 181), (196, 180), (185, 178), (156, 172)]
1737 : car : [(804, 364), (733, 339), (663, 317), (570, 291), (510, 276), (460, 265), (394, 248), (355, 237), (320, 229), (277, 217), (251, 211), (225, 205), (197, 199), (179, 196), (162, 193)]
1738 : tw : [(817, 399), (746, 380), (691, 366), (638, 351), (572, 333), (525, 320), (482, 312), (428, 297), (393, 287), (359, 279), (323, 268), (294, 261), (270, 255), (242, 247), (223, 242), (205, 236), (185, 230), (171, 228), (156, 223), (140, 219), (130, 215), (121, 212), (107, 208)]
1740 : tw : [(830, 366), (783, 353), (723, 337), (680, 323), (638, 313), (585, 298), (545, 287), (513, 281), (468, 269), (439, 263), (410, 255), (375, 247), (352, 240), (330, 233), (304, 226), (286, 221), (268, 217), (247, 211), (233, 208), (219, 206), (201, 202), (189, 198), (177, 196), (164, 191), (154, 190)]
1739 : auto : [(740, 458), (696, 435), (653, 422), (603, 404), (569, 390), (531, 378), (491, 359), (464, 347), (432, 338), (398, 323), (373, 319), (347, 309), (320, 296), (305, 295), (286, 286), (266, 276), (255, 275), (241, 271), (221, 261), (209, 257), (196, 254), (184, 247), (176, 244), (165, 241), (156, 237), (147, 233), (141, 229), (131, 226), (125, 223), (121, 220), (115, 216), (113, 213), (108, 212), (104, 209)]
1742 : auto : [(372, 259), (353, 251)]
1743 : auto : [(251, 222), (240, 219), (229, 215)]
1741 : auto : [(797, 386), (757, 372), (697, 358), (661, 338), (622, 329), (573, 314), (534, 305), (501, 293), (462, 283), (435, 275), (405, 268), (380, 259), (332, 247), (307, 239), (291, 235), (273, 230), (253, 223), (228, 216), (212, 213), (202, 208), (190, 204), (180, 201), (175, 200), (168, 199)]
1745 : auto : [(168, 200), (161, 195), (152, 194), (145, 192)]
1744 : car : [(832, 331), (770, 313), (694, 291), (638, 275), (591, 260), (527, 248), (487, 237), (450, 227), (405, 216), (372, 210), (346, 205), (313, 198), (290, 194), (270, 189), (244, 184), (227, 182), (212, 178), (196, 174), (184, 171), (174, 169)]
1746 : tw : [(792, 396), (731, 379), (675, 362), (603, 339), (553, 323), (509, 312), (452, 293), (415, 285), (381, 273), (341, 261), (312, 254), (288, 245), (261, 237), (240, 231), (223, 225), (203, 217), (187, 214), (174, 209), (159, 205), (148, 201), (138, 198)]
1747 : tw : [(719, 473), (614, 435), (541, 412), (477, 386), (406, 356), (357, 339), (315, 322), (270, 301), (241, 290), (215, 279), (186, 267), (166, 257), (150, 250), (129, 240), (116, 235), (106, 231), (91, 223)]
1748 : 2t : [(455, 352), (394, 330), (355, 317), (317, 303), (276, 287), (250, 278), (225, 268), (199, 256), (180, 248), (163, 242), (144, 236), (130, 229), (119, 226), (105, 219), (86, 211)]
1749 : tw : [(690, 473), (592, 439), (521, 416), (462, 393), (394, 365), (348, 347), (310, 330), (268, 312), (240, 300), (213, 287), (184, 275), (165, 266), (149, 259), (129, 246), (117, 242), (105, 237), (92, 230), (82, 225)]
1750 : tw : [(703, 442), (617, 414), (558, 392), (503, 373), (440, 352), (397, 334), (357, 321), (313, 304), (285, 293), (261, 284), (230, 272), (212, 263), (193, 254), (171, 247), (158, 241), (145, 234), (129, 228), (119, 223), (109, 220), (98, 213)]
1751 : tw : [(787, 420), (721, 400), (634, 375), (572, 357), (517, 339), (452, 319), (407, 306), (368, 295), (325, 281), (293, 270), (265, 261), (236, 251), (214, 245), (196, 237), (175, 230), (159, 226), (146, 219), (130, 213), (121, 211), (110, 207)]
1752 : tw : [(724, 437), (667, 420), (598, 396), (547, 381), (503, 366), (449, 347), (410, 335), (377, 324), (335, 312), (307, 303), (285, 293), (254, 283), (235, 273), (217, 267), (195, 258), (180, 252), (166, 248), (150, 241), (140, 236), (130, 232), (116, 227), (108, 224), (100, 220), (90, 216)]
1753 : tw : [(767, 442), (692, 418), (623, 396), (539, 369), (484, 351), (433, 334), (376, 314), (341, 299), (307, 288), (269, 274), (244, 264), (224, 254), (198, 246), (181, 238), (166, 232), (149, 225), (135, 220), (124, 215), (112, 210)]
1754 : tw : [(686, 466), (614, 443), (560, 422), (511, 405), (456, 386), (419, 371), (380, 356), (341, 339), (313, 326), (288, 317), (259, 302), (239, 295), (221, 285), (200, 277), (186, 268), (173, 263), (158, 256), (146, 250), (137, 246), (125, 237), (118, 234), (110, 232), (102, 226), (96, 221), (90, 218)]
1755 : car : [(869, 332), (789, 310), (736, 294), (680, 279), (607, 260), (558, 252), (513, 239), (462, 227), (422, 219), (389, 212), (350, 204), (322, 199), (298, 194), (267, 189), (248, 186), (230, 183), (206, 178), (192, 176), (178, 172)]
1756 : auto : [(672, 447), (609, 428), (537, 402), (491, 384), (444, 364), (391, 343), (357, 325), (323, 316), (289, 299), (262, 287), (241, 280), (214, 269), (198, 262), (182, 256), (164, 247), (151, 241), (138, 236), (127, 229), (115, 229), (106, 225), (97, 217)]
1757 : auto : [(570, 365), (530, 348), (478, 330), (441, 319), (407, 307), (363, 292), (343, 285), (315, 273), (287, 267), (267, 257), (248, 250), (228, 242), (213, 237), (200, 234), (183, 228), (172, 221), (160, 219), (147, 213), (138, 211), (129, 208), (120, 204), (113, 203)]
1758 : auto : [(698, 448), (641, 426), (587, 412), (524, 383), (482, 367), (440, 346), (394, 330), (362, 320), (334, 306), (300, 292), (277, 285), (254, 275), (230, 266), (214, 259), (198, 254), (180, 246), (165, 240), (154, 237), (141, 231), (130, 227), (122, 223), (112, 218), (102, 215), (97, 211)]
1759 : 2t : [(630, 285), (574, 273), (523, 260), (462, 245), (422, 235), (383, 226), (340, 215), (310, 209), (285, 205), (254, 196), (235, 193), (216, 189), (193, 183), (179, 180), (166, 178), (150, 173), (138, 171)]
1760 : auto : [(697, 430), (640, 408), (589, 387), (525, 364), (484, 344), (443, 328), (393, 313), (361, 302), (334, 291), (297, 280), (275, 271), (256, 263), (229, 255), (215, 248), (198, 241), (180, 236), (164, 231), (154, 225), (140, 220), (130, 217), (122, 212), (111, 208)]
1761 : car : [(869, 336), (801, 313), (731, 295), (642, 271), (583, 257), (525, 244), (463, 228), (418, 218), (375, 211), (330, 202), (301, 198), (273, 192), (241, 186), (219, 182), (201, 178), (178, 174)]
1762 : auto : [(702, 447), (619, 415), (563, 396), (517, 381), (451, 353), (416, 340), (379, 325), (334, 306), (304, 296), (281, 288), (250, 276), (230, 268), (213, 261), (191, 254), (176, 246), (164, 241), (148, 234), (136, 230), (127, 227), (115, 222), (107, 218), (100, 213)]
1763 : car : [(855, 331), (770, 304), (709, 289), (652, 271), (578, 251), (531, 240), (482, 231), (426, 220), (390, 210), (356, 205), (318, 198), (290, 193), (265, 189), (235, 184), (217, 181), (201, 178), (180, 174), (166, 172)]
1764 : tw : [(662, 430), (571, 398), (488, 370), (400, 340), (344, 318), (300, 298), (250, 279), (219, 265), (192, 254), (163, 241), (144, 235), (127, 226), (108, 218), (96, 213)]
1765 : car : [(845, 336), (757, 310), (674, 288), (574, 259), (507, 245), (445, 232), (379, 213), (332, 207), (294, 201), (251, 191), (224, 186), (199, 181), (172, 176)]
1766 : tw : [(608, 489), (537, 461), (469, 436), (397, 401), (347, 384), (309, 363), (259, 346), (231, 327), (203, 315), (174, 297), (155, 286), (138, 277), (119, 268), (106, 260), (94, 252), (81, 245), (72, 239), (63, 234)]
1767 : car : [(846, 335), (784, 315), (721, 300), (648, 279), (593, 263), (542, 252), (483, 239), (443, 230), (409, 222), (361, 211), (331, 206), (309, 202), (275, 194), (254, 190), (235, 187), (209, 182), (195, 179), (181, 176), (164, 172)]
1768 : tw : [(749, 452), (686, 428), (626, 411), (550, 386), (501, 367), (454, 350), (398, 333), (361, 320), (329, 310), (291, 296), (264, 286), (240, 278), (214, 266), (195, 258), (178, 253), (158, 245), (144, 240), (132, 235), (118, 229), (107, 225), (99, 221), (88, 216)]
1769 : tw : [(724, 450), (660, 425), (601, 406), (526, 381), (478, 364), (433, 348), (377, 329), (344, 315), (311, 305), (277, 291), (253, 282), (231, 272), (206, 263), (188, 255), (173, 249), (153, 241), (141, 236), (129, 230), (115, 225), (106, 220), (99, 217)]
1770 : car : [(817, 320), (738, 296), (665, 278), (577, 255), (517, 241), (465, 227), (401, 213), (361, 206), (324, 199), (284, 191), (255, 186), (230, 182), (202, 177), (184, 173), (168, 170)]
1771 : tw : [(728, 458), (673, 442), (617, 422), (547, 395), (502, 381), (456, 364), (407, 348), (371, 334), (338, 323), (302, 309), (279, 300), (258, 288), (232, 279), (215, 271), (196, 264), (177, 254), (162, 249), (150, 245), (134, 238), (125, 234), (117, 228), (104, 225), (97, 220), (89, 218)]
1772 : tw : [(716, 436), (642, 414), (557, 385), (500, 365), (447, 348), (387, 326), (347, 312), (313, 300), (274, 284), (247, 272), (225, 265), (198, 251), (180, 246), (163, 239), (145, 232), (132, 226), (121, 221), (107, 217), (99, 212)]
