1 : lgv : [(645, 290), (581, 273), (540, 264), (498, 252), (448, 240), (415, 233), (384, 226), (344, 216), (321, 210), (296, 204), (269, 198), (252, 194), (233, 189)]
2 : car : [(864, 357), (779, 332), (703, 313), (604, 287), (536, 270), (474, 254), (399, 238), (354, 230), (312, 221), (264, 210), (234, 205), (207, 200), (176, 194), (155, 191)]
3 : tw : [(727, 447), (661, 423), (596, 402), (517, 376), (466, 360), (420, 342), (365, 324), (330, 312), (297, 296), (261, 283), (236, 275), (215, 267), (188, 256), (171, 248), (156, 243), (138, 238), (125, 232), (114, 228), (100, 223), (92, 218)]
4 : auto : [(682, 445), (621, 419), (566, 397), (501, 372), (455, 347), (412, 335), (364, 316), (332, 305), (303, 293), (271, 281), (249, 272), (229, 265), (204, 256), (189, 249), (175, 242), (156, 235), (144, 230), (133, 225), (121, 220), (113, 216), (103, 213)]
5 : car : [(843, 341), (772, 316), (683, 294), (624, 278), (568, 262), (498, 244), (450, 235), (411, 225), (360, 215), (326, 209), (301, 203), (266, 197), (243, 192), (224, 189), (198, 183), (181, 179), (168, 176)]
6 : tw : [(730, 470), (668, 454), (591, 426), (540, 410), (492, 392), (434, 371), (394, 357), (360, 340), (318, 324), (293, 313), (269, 302), (243, 289), (223, 281), (206, 273), (186, 263), (172, 254), (160, 249), (144, 243), (134, 237), (125, 234), (115, 229), (106, 225), (99, 221), (89, 216)]
7 : car : [(876, 326), (797, 300), (721, 284), (629, 259), (566, 247), (509, 231), (437, 218), (390, 208), (353, 201), (305, 193), (274, 188), (246, 183), (212, 177), (195, 174), (176, 171)]
8 : 3t : [(441, 349), (393, 329), (350, 312), (301, 296), (269, 283), (241, 274), (210, 260), (188, 250), (171, 242)]
9 : tw : [(682, 457), (611, 430), (549, 409), (470, 381), (420, 362), (375, 345), (324, 323), (290, 311), (262, 299), (228, 284), (207, 274), (188, 267), (165, 255), (151, 249), (137, 243), (121, 236), (110, 230), (101, 227), (90, 220)]
10 : bus : [(652, 291), (577, 273), (526, 261), (481, 250), (425, 237), (388, 227), (353, 219), (313, 210), (288, 203), (263, 198), (236, 192), (217, 189), (200, 186), (166, 178)]
11 : car : [(703, 431), (604, 397), (537, 367), (477, 346), (409, 322), (364, 305), (328, 292), (282, 276), (257, 266), (231, 256), (203, 247), (185, 238), (168, 234), (143, 224), (133, 220), (119, 215), (106, 210)]
12 : car : [(803, 329), (720, 302), (640, 283), (545, 258), (484, 241), (429, 229), (360, 215), (321, 206), (287, 200), (248, 193), (221, 189), (198, 182), (171, 178)]
13 : tw : [(728, 408), (617, 372), (542, 351), (474, 327), (399, 303), (352, 288), (311, 272), (264, 258), (236, 248), (211, 240), (182, 230), (163, 222), (148, 215), (128, 211), (116, 205)]
15 : tw : [(782, 402), (735, 390), (667, 365), (619, 353), (576, 338), (524, 322), (484, 311), (448, 301), (404, 288), (375, 277), (351, 270), (316, 259), (294, 252), (274, 245), (250, 239), (235, 234), (219, 229), (200, 224), (187, 220), (175, 217), (160, 212), (150, 210), (140, 205), (128, 202), (121, 201)]
14 : tw : [(701, 493), (658, 480), (617, 468), (569, 452), (536, 433), (502, 423), (459, 400), (433, 391), (404, 381), (373, 365), (351, 356), (328, 347), (301, 334), (284, 327), (267, 315), (247, 310), (236, 301), (221, 296), (206, 287), (194, 281), (183, 277), (169, 271), (162, 264), (152, 261), (141, 256), (134, 253), (126, 250), (118, 247), (110, 243), (105, 240), (96, 236), (91, 234), (84, 232), (79, 230), (74, 226), (71, 225)]
16 : tw : [(806, 398), (717, 370), (648, 351), (589, 334), (510, 313), (463, 299), (417, 287), (363, 271), (328, 260), (296, 252), (261, 240), (238, 234), (217, 230), (192, 222), (177, 216), (161, 212), (144, 206), (132, 203), (122, 199)]
18 : tw : [(789, 373), (714, 353), (659, 338), (607, 325), (544, 304), (501, 295), (458, 282), (410, 267), (378, 258), (351, 249), (315, 240), (291, 230), (270, 222), (243, 217)]
17 : auto : [(724, 455), (645, 424), (599, 408), (559, 387), (499, 368), (463, 346), (425, 333), (382, 319), (352, 309), (326, 299), (293, 288), (274, 279), (254, 271), (232, 261), (217, 256), (201, 251), (183, 243), (170, 239), (158, 235), (145, 230), (134, 226), (127, 223), (115, 219), (108, 215), (101, 212)]
19 : tw : [(563, 483), (516, 460), (470, 438), (413, 418), (379, 399), (346, 387), (307, 369), (280, 356), (256, 346), (227, 331), (208, 317), (190, 312), (170, 299), (157, 291), (144, 281), (129, 276), (119, 270), (111, 264), (98, 258), (90, 252), (83, 249), (74, 244), (67, 240), (61, 238), (54, 232)]
20 : car : [(814, 369), (757, 351), (703, 333), (627, 313), (583, 296), (533, 281), (481, 268), (449, 259), (412, 249), (375, 237), (346, 231), (320, 225), (292, 217), (269, 212), (251, 207), (230, 203), (214, 200), (199, 196), (182, 192), (169, 187), (158, 185)]
21 : tw : [(676, 473), (624, 454), (554, 425), (507, 406), (467, 394), (414, 373), (379, 359), (346, 347), (308, 333), (284, 319), (264, 310), (236, 297), (217, 287), (200, 281), (180, 272), (166, 265), (153, 259), (138, 252), (129, 247), (118, 242), (107, 236), (100, 234), (91, 228), (83, 225), (76, 221)]
22 : 5t : [(658, 312), (615, 301), (576, 290), (523, 275), (487, 266), (455, 259), (413, 247), (384, 239), (359, 232), (329, 224), (307, 219), (287, 214), (262, 207)]
23 : tw : [(691, 415), (628, 392), (560, 370), (488, 348), (439, 331), (395, 316), (344, 297), (310, 285), (280, 276), (246, 263), (224, 256), (203, 248), (180, 239), (164, 232), (150, 230), (132, 223), (122, 218), (113, 215)]
24 : auto : [(685, 451), (625, 422), (569, 408), (503, 378), (457, 365), (420, 346), (368, 329), (337, 314), (310, 305), (274, 289), (253, 281), (233, 272), (210, 262), (194, 255), (179, 250), (163, 243), (151, 238), (139, 234), (126, 228), (116, 225), (108, 220), (97, 216)]
25 : car : [(633, 304), (571, 285), (498, 266), (450, 253), (407, 240), (358, 227), (322, 220), (295, 211), (258, 205), (236, 200), (215, 195), (191, 189), (175, 184), (159, 181)]
26 : tw : [(706, 465), (622, 440), (568, 421), (515, 400), (451, 379), (410, 363), (371, 349), (325, 331), (297, 320), (270, 307), (240, 295), (220, 286), (202, 276), (179, 268), (164, 260), (151, 255), (136, 248), (125, 243), (114, 239), (103, 235), (96, 228), (88, 225), (78, 220)]
27 : tw : [(698, 436), (641, 418), (569, 390), (519, 375), (476, 357), (423, 339), (389, 327), (355, 316), (316, 299), (292, 290), (267, 282), (241, 269), (222, 263), (206, 256), (185, 248), (171, 244), (158, 239), (143, 231), (133, 228), (123, 225), (112, 219), (103, 217), (97, 214)]
28 : tw : [(748, 426), (682, 405), (599, 379), (542, 362), (492, 346), (429, 325), (390, 314), (352, 299), (310, 284), (283, 275), (258, 267), (228, 256), (209, 249), (191, 243), (170, 234), (156, 230), (143, 226), (128, 221), (118, 217), (109, 213)]
29 : tw : [(672, 452), (607, 429), (527, 402), (476, 385), (429, 364), (374, 344), (340, 329), (307, 316), (267, 300), (245, 288), (223, 280), (199, 268), (181, 261), (167, 254), (148, 246), (135, 240), (125, 238), (112, 229), (102, 226), (95, 221), (84, 218)]
30 : 4t : [(567, 273), (512, 261), (473, 252), (441, 243), (400, 233), (371, 227), (345, 220), (314, 213), (292, 207), (242, 196), (221, 191)]
31 : 2t : [(645, 289), (605, 280), (552, 267), (516, 257), (485, 250), (443, 240), (413, 234), (386, 226), (352, 219), (331, 214), (310, 208), (286, 202), (268, 199), (255, 196), (232, 191), (219, 187)]
32 : car : [(789, 353), (720, 333), (653, 313), (570, 289), (511, 273), (459, 261), (397, 246), (360, 235), (324, 227), (282, 218), (254, 211), (231, 207), (200, 202), (182, 196), (165, 193), (144, 188)]
33 : tw : [(671, 471), (611, 451), (555, 430), (483, 406), (436, 387), (396, 374), (346, 355), (314, 345), (285, 329), (250, 315), (227, 310), (205, 298), (183, 286), (165, 280), (149, 271), (133, 264), (120, 259), (109, 255), (96, 247), (88, 245), (78, 239), (69, 235), (62, 233)]
34 : tw : [(795, 394), (726, 374), (674, 360), (624, 346), (562, 331), (519, 320), (479, 307), (427, 295), (395, 288), (365, 278), (327, 267), (303, 259), (281, 252), (254, 244), (235, 241), (218, 237), (198, 231), (183, 227), (171, 223), (155, 219), (144, 215), (134, 211), (122, 209), (114, 205)]
35 : 4t : [(741, 305), (692, 293), (632, 278), (588, 267), (548, 258), (499, 246), (465, 239), (433, 231), (394, 221), (367, 216), (342, 211), (313, 203), (259, 193)]
36 : car : [(715, 429), (634, 405), (570, 373), (489, 345), (435, 326), (388, 308), (335, 288), (301, 278), (271, 263), (237, 252), (213, 243), (191, 237), (166, 227), (151, 222), (139, 219), (121, 212), (109, 208)]
37 : 4t : [(714, 353), (627, 328), (567, 311), (512, 297), (443, 279), (398, 267), (360, 258), (316, 246), (284, 237), (259, 230), (228, 222), (206, 216), (187, 211), (165, 206)]
38 : car : [(773, 438), (673, 403), (593, 374), (524, 352), (445, 325), (393, 311), (345, 293), (291, 279), (260, 264), (227, 255), (193, 242), (170, 238), (152, 230), (128, 224), (113, 219), (96, 218)]
39 : tw : [(531, 463), (462, 436), (403, 406), (334, 378), (290, 355), (252, 337), (212, 316), (187, 303), (164, 288), (141, 276), (124, 267), (109, 258)]
40 : tw : [(708, 389), (638, 366), (571, 347), (496, 324), (442, 311), (395, 296), (343, 278), (308, 269), (277, 258), (242, 248), (220, 240), (200, 233), (176, 227), (159, 222), (144, 217), (128, 212), (117, 208)]
41 : tw : [(712, 429), (641, 405), (588, 387), (540, 370), (480, 352), (440, 338), (404, 325), (359, 312), (331, 301), (303, 290), (273, 281), (253, 272), (233, 266), (211, 257), (195, 249), (180, 245), (163, 239), (151, 235), (140, 230), (128, 226), (120, 222), (111, 218), (101, 215)]
42 : tw : [(756, 395), (693, 374), (634, 355), (563, 334), (515, 318), (468, 301), (415, 285), (378, 273), (346, 264), (311, 254), (284, 243), (262, 235), (235, 229), (217, 223), (202, 217), (180, 212), (167, 208), (154, 204), (140, 201), (129, 197)]
43 : car : [(870, 343), (800, 321), (721, 301), (641, 275), (583, 261), (525, 248), (461, 233), (417, 222), (378, 213), (329, 204), (300, 199), (270, 195), (240, 189), (217, 184), (198, 182), (176, 177), (161, 174)]
44 : tw : [(656, 464), (595, 440), (534, 421), (468, 391), (419, 373), (378, 357), (329, 335), (300, 322), (272, 311), (238, 295), (217, 285), (197, 276), (175, 263), (160, 258), (146, 252), (130, 245), (118, 239), (108, 235), (98, 229), (89, 226), (80, 221)]
45 : tw : [(705, 484), (635, 459), (548, 427), (491, 408), (437, 388), (374, 368), (337, 349), (300, 332), (262, 316), (237, 303), (213, 294), (187, 282), (169, 273), (154, 266), (135, 256), (121, 250), (111, 245), (97, 237), (89, 233), (80, 230), (71, 225)]
46 : car : [(656, 272), (592, 256), (525, 241), (475, 233), (431, 223), (380, 210), (347, 205), (315, 200), (282, 192), (255, 187), (234, 183), (208, 178), (191, 178), (177, 175)]
47 : 2t : [(428, 372), (387, 355), (334, 334), (299, 320), (270, 307), (236, 291), (214, 281), (193, 272), (170, 261), (154, 254)]
48 : auto : [(752, 424), (694, 408), (629, 390), (582, 373), (529, 357), (474, 336), (438, 324), (404, 313), (363, 295), (332, 286), (306, 276), (275, 268), (254, 260), (236, 255), (215, 246), (199, 240), (186, 235), (170, 228), (157, 226), (146, 222), (133, 217), (126, 215), (118, 211), (105, 208)]
49 : tw : [(843, 343), (780, 325), (730, 312), (685, 298), (627, 284), (585, 271), (546, 264), (498, 251), (466, 244), (437, 237), (397, 228), (373, 223), (351, 216), (322, 208), (303, 204), (286, 200), (263, 195), (247, 193), (234, 189), (219, 186), (206, 183), (196, 180), (182, 177), (175, 177)]
50 : tw : [(716, 437), (626, 404), (563, 385), (506, 365), (440, 340), (397, 327), (357, 313), (311, 295), (281, 285), (256, 273), (227, 261), (207, 254), (188, 245), (168, 239), (155, 232), (141, 228), (126, 221), (117, 216), (107, 213)]
51 : car : [(857, 331), (750, 295), (669, 276), (602, 259), (512, 237), (456, 226), (406, 213), (350, 203), (311, 198), (281, 191), (242, 183), (217, 179), (196, 176), (173, 171)]
52 : auto : [(715, 445), (653, 423), (593, 401), (527, 379), (476, 360), (435, 351), (384, 328), (351, 315), (321, 307), (287, 291), (262, 282), (240, 276), (216, 265), (198, 256), (183, 252), (164, 244), (150, 239), (139, 234), (125, 228), (117, 224), (107, 222), (96, 216)]
53 : tw : [(795, 403), (732, 387), (656, 363), (603, 346), (551, 331), (490, 315), (447, 300), (407, 291), (363, 280), (333, 269), (304, 261), (271, 252), (249, 244), (230, 239), (206, 232), (189, 227), (176, 223), (157, 217), (145, 213), (133, 211), (121, 205)]
54 : car : [(839, 337), (731, 301), (656, 277), (580, 261), (491, 237), (431, 226), (383, 213), (326, 204), (294, 196), (261, 190), (225, 183), (202, 180), (180, 176)]
55 : car : [(859, 333), (764, 304), (694, 286), (632, 270), (551, 251), (493, 235), (446, 226), (390, 215), (352, 206), (317, 199), (279, 193), (252, 186), (230, 182), (203, 179), (185, 175), (169, 171)]
56 : auto : [(719, 457), (659, 433), (597, 413), (521, 390), (473, 372), (428, 353), (377, 331), (345, 317), (313, 305), (277, 291), (255, 283), (231, 273), (209, 263), (192, 257), (178, 250), (159, 242), (148, 236), (135, 233), (121, 225), (113, 223), (102, 218), (95, 214)]
57 : auto : [(639, 486), (598, 467), (561, 449), (515, 429), (480, 415), (454, 406), (409, 384), (383, 374), (365, 365), (331, 349), (311, 340), (291, 329), (268, 320), (254, 313), (237, 303), (224, 296), (206, 289), (194, 284), (179, 276), (169, 272), (160, 269), (149, 262), (140, 260), (132, 257), (124, 249), (116, 247), (110, 243), (102, 238), (97, 235), (90, 234), (84, 230), (77, 227), (73, 224)]
58 : tw : [(813, 388), (727, 361), (667, 345), (609, 326), (534, 305), (487, 290), (442, 279), (388, 264), (353, 254), (322, 246), (286, 236), (262, 230), (241, 224), (215, 216), (198, 211), (182, 207), (163, 201), (151, 199), (140, 196)]
59 : car : [(683, 439), (601, 407), (505, 367), (439, 348), (386, 328), (326, 305), (288, 289), (253, 276), (216, 261), (189, 254), (169, 245), (143, 236), (128, 230), (114, 225), (98, 218)]
60 : 3t : [(472, 360), (424, 341), (367, 321), (329, 307), (300, 296), (261, 278), (237, 269), (214, 259), (188, 250), (172, 243)]
61 : tw : [(813, 360), (737, 339), (682, 329), (626, 315), (558, 298), (511, 287), (468, 275), (416, 263), (382, 256), (348, 246), (310, 238), (284, 233), (260, 226), (232, 220), (213, 216), (196, 212), (175, 207), (162, 204), (149, 201), (134, 198)]
62 : tractr : [(714, 409), (636, 388), (593, 385), (548, 362), (511, 356), (465, 346), (444, 327), (427, 311), (385, 300), (343, 291), (319, 283), (304, 271), (274, 263), (260, 262), (239, 253), (223, 246), (213, 244), (199, 240), (185, 237), (172, 237), (160, 228), (154, 224), (142, 221), (137, 218), (123, 213), (115, 212), (109, 210), (102, 209)]
63 : auto : [(708, 454), (657, 426), (619, 415), (589, 401), (540, 384), (501, 373), (476, 363), (434, 352), (408, 337), (385, 329), (353, 314), (333, 306), (313, 302), (290, 293), (269, 285), (258, 280), (237, 272), (224, 267), (211, 261), (197, 258), (188, 252), (178, 247), (165, 242), (156, 239), (147, 236), (138, 232), (131, 230), (125, 227), (116, 223), (108, 220), (104, 218), (98, 214)]
64 : car : [(795, 338), (706, 314), (602, 280), (532, 264), (470, 248), (399, 230), (352, 219), (314, 209), (267, 202), (239, 196), (214, 190), (183, 182), (167, 179)]
65 : 6t : [(626, 436), (575, 422), (527, 405), (474, 386), (440, 371), (336, 332), (363, 340), (336, 328), (309, 317), (280, 305), (258, 295), (238, 288), (216, 278), (200, 271), (187, 266), (167, 257), (156, 252), (146, 248), (132, 241), (102, 229), (115, 233), (103, 227)]
66 : car : [(861, 348), (784, 322), (725, 305), (672, 290), (605, 269), (561, 261), (515, 250), (464, 235), (428, 228), (396, 220), (357, 210), (329, 204), (306, 202), (274, 195), (256, 191), (238, 189), (217, 183), (202, 181), (187, 178), (171, 174)]
68 : tw : [(676, 449), (585, 416), (528, 396), (471, 374), (408, 348), (365, 334), (329, 316), (285, 301), (259, 290), (235, 282), (208, 269), (188, 260), (172, 253), (152, 244), (138, 238), (127, 234), (112, 225), (103, 222), (94, 218)]
67 : 4t : [(606, 284), (565, 274), (524, 264), (475, 253), (442, 245), (411, 236), (373, 228), (347, 222), (322, 216), (294, 210)]
69 : car : [(850, 365), (785, 345), (700, 321), (637, 305), (586, 288), (520, 274), (477, 261), (432, 250), (386, 239), (355, 233), (323, 226), (290, 218), (266, 213), (248, 209), (221, 203), (203, 199), (189, 196), (170, 193), (156, 191), (146, 187)]
70 : tw : [(678, 451), (616, 424), (557, 404), (489, 383), (441, 363), (399, 345), (350, 328), (318, 315), (290, 302), (256, 289), (234, 281), (214, 270), (189, 262), (174, 255), (160, 249), (142, 241), (131, 238), (120, 232), (107, 226), (99, 222), (90, 217)]
71 : tw : [(724, 469), (669, 450), (619, 432), (552, 409), (508, 397), (468, 382), (419, 364), (386, 349), (353, 338), (316, 322), (292, 314), (271, 304), (243, 292), (228, 285), (211, 279), (190, 270), (177, 264), (164, 258), (150, 252), (139, 247), (130, 243), (117, 237), (110, 235), (103, 230), (93, 226), (87, 224), (80, 220)]
72 : 3t : [(695, 305), (648, 292), (589, 277), (543, 266), (506, 257), (457, 243), (425, 239), (394, 230), (359, 221), (334, 213), (311, 210), (283, 201), (265, 198), (246, 194), (227, 189), (213, 187), (200, 184), (183, 182)]
74 : car : [(839, 331), (757, 306), (684, 289), (597, 262), (534, 247), (480, 234), (418, 219), (378, 211), (338, 205), (297, 196), (266, 191), (240, 185), (211, 180), (193, 176), (175, 173)]
73 : tw : [(697, 481), (649, 467), (598, 445), (538, 426), (495, 410), (458, 396), (410, 377), (378, 364), (351, 353), (315, 337), (292, 327), (272, 316), (246, 304), (229, 298), (213, 291), (194, 280), (182, 274), (170, 269), (156, 261), (145, 254), (136, 251), (126, 245), (117, 242), (109, 237), (102, 236), (95, 228), (89, 227), (81, 224)]
75 : tw : [(566, 499), (504, 468), (457, 451), (415, 431), (371, 406), (338, 395), (308, 381), (272, 364), (249, 353), (227, 343), (203, 326), (187, 316), (172, 308), (155, 298), (142, 288), (132, 282), (118, 274), (108, 269), (100, 263), (90, 259), (82, 254), (76, 251), (68, 244), (62, 241), (57, 237)]
76 : tw : [(697, 470), (614, 442), (560, 422), (508, 401), (448, 380), (407, 362), (369, 349), (322, 332), (296, 321), (269, 310), (239, 296), (219, 286), (201, 280), (180, 268), (166, 262), (153, 256), (137, 249), (126, 243), (116, 239), (104, 233), (98, 228), (89, 225), (80, 221)]
77 : tw : [(730, 472), (654, 449), (602, 426), (551, 408), (492, 388), (452, 371), (416, 359), (370, 338), (340, 328), (314, 316), (281, 301), (261, 294), (241, 286), (216, 273), (204, 267), (187, 261), (169, 254), (158, 248), (146, 243), (132, 239), (123, 234), (114, 229), (103, 226), (97, 221), (89, 219)]
78 : tw : [(704, 411), (642, 389), (581, 369), (510, 348), (464, 331), (422, 316), (368, 299), (337, 286), (306, 277), (272, 265), (249, 256), (229, 250), (205, 241), (189, 235), (174, 230), (155, 223), (144, 218), (133, 214), (121, 210), (111, 205)]
79 : tw : [(707, 438), (629, 416), (576, 398), (529, 381), (470, 361), (430, 349), (393, 334), (348, 320), (318, 311), (292, 300), (261, 287), (238, 280), (220, 271), (198, 262), (181, 257), (168, 253), (151, 244), (139, 239), (129, 237), (116, 230), (107, 226), (101, 222), (90, 218)]
80 : 5t : [(546, 391), (497, 375), (452, 358), (396, 339), (360, 325), (329, 313), (289, 297), (263, 286), (239, 277), (213, 267), (195, 260), (178, 252)]
81 : bus : []
82 : 5t : [(573, 412), (523, 396), (469, 375), (427, 358), (393, 346), (349, 329), (318, 316), (294, 307), (263, 296), (242, 287), (224, 279), (200, 269), (184, 262)]
